1418.800000,0.015142,0.015693,0.964883
1418.801172,0.015066,0.015642,0.963171
1418.802344,0.015104,0.015577,0.969660
1418.803516,0.015165,0.015578,0.973499
1418.804688,0.015177,0.015583,0.973986
1418.805859,0.015077,0.015560,0.968985
1418.807031,0.014898,0.015531,0.959258
1418.808203,0.014712,0.015506,0.948812
1418.809375,0.014497,0.015461,0.937619
1418.810547,0.014518,0.015429,0.940924
1418.811719,0.014737,0.015390,0.957547
1418.812891,0.014887,0.015380,0.967891
1418.814062,0.014910,0.015407,0.967768
1418.815234,0.014844,0.015380,0.965160
1418.816406,0.014664,0.015301,0.958366
1418.817578,0.014532,0.015256,0.952494
1418.818750,0.014666,0.015241,0.962299
1418.819922,0.014702,0.015219,0.966033
1418.821094,0.014518,0.015209,0.954606
1418.822266,0.014488,0.015200,0.953152
1418.823437,0.014664,0.015188,0.965495
1418.824609,0.014870,0.015190,0.978997
1418.825781,0.014854,0.015198,0.977344
1418.826953,0.014752,0.015215,0.969550
1418.828125,0.014757,0.015190,0.971540
1418.829297,0.014681,0.015133,0.970134
1418.830469,0.014614,0.015133,0.965702
1418.831641,0.014563,0.015136,0.962184
1418.832813,0.014333,0.015105,0.948924
1418.833984,0.014196,0.015078,0.941487
1418.835156,0.014367,0.015087,0.952265
1418.836328,0.014724,0.015096,0.975356
1418.837500,0.014908,0.015085,0.988248
1418.838672,0.014743,0.015053,0.979380
1418.839844,0.014617,0.015037,0.972072
1418.841016,0.014588,0.015027,0.970810
1418.842187,0.014692,0.015028,0.977654
1418.843359,0.014703,0.015045,0.977233
1418.844531,0.014628,0.015035,0.972920
1418.845703,0.014663,0.015033,0.975428
1418.846875,0.014791,0.015019,0.984812
1418.848047,0.014918,0.015019,0.993279
1418.849219,0.014710,0.015009,0.980035
1418.850391,0.014489,0.015013,0.965131
1418.851562,0.014411,0.015003,0.960521
1418.852734,0.014409,0.015024,0.959052
1418.853906,0.014406,0.015054,0.956932
1418.855078,0.014379,0.015051,0.955358
1418.856250,0.014655,0.015077,0.972020
1418.857422,0.014668,0.015069,0.973347
1418.858594,0.014558,0.015030,0.968569
1418.859766,0.014558,0.015035,0.968319
1418.860937,0.014550,0.015117,0.962448
1418.862109,0.014620,0.015139,0.965693
1418.863281,0.014691,0.015163,0.968834
1418.864453,0.014802,0.015197,0.973990
1418.865625,0.014980,0.015179,0.986874
1418.866797,0.014983,0.015195,0.986058
1418.867969,0.014710,0.015214,0.966862
1418.869141,0.014655,0.015179,0.965437
1418.870312,0.014798,0.015168,0.975613
1418.871484,0.014804,0.015233,0.971854
1418.872656,0.014659,0.015274,0.959762
1418.873828,0.014680,0.015285,0.960448
1418.875000,0.014765,0.015315,0.964125
1418.876172,0.014757,0.015389,0.958931
1418.877344,0.014620,0.015419,0.948200
1418.878516,0.014650,0.015440,0.948786
1418.879688,0.014946,0.015460,0.966775
1418.880859,0.014990,0.015480,0.968316
1418.882031,0.014806,0.015527,0.953540
1418.883203,0.014886,0.015548,0.957423
1418.884375,0.015265,0.015607,0.978122
1418.885547,0.015287,0.015698,0.973778
1418.886719,0.015031,0.015723,0.955967
1418.887891,0.014989,0.015739,0.952394
1418.889062,0.015209,0.015836,0.960350
1418.890234,0.015372,0.015902,0.966653
1418.891406,0.015288,0.015944,0.958873
1418.892578,0.015318,0.015984,0.958285
1418.893750,0.015511,0.016042,0.966947
1418.894922,0.015646,0.016088,0.972529
1418.896094,0.015769,0.016154,0.976162
1418.897266,0.015758,0.016256,0.969359
1418.898438,0.015513,0.016301,0.951677
1418.899609,0.015559,0.016337,0.952421
1418.900781,0.015672,0.016356,0.958165
1418.901953,0.015730,0.016383,0.960135
1418.903125,0.015972,0.016437,0.971752
1418.904297,0.016032,0.016532,0.969794
1418.905469,0.015829,0.016623,0.952239
1418.906641,0.015662,0.016709,0.937330
1418.907812,0.015649,0.016765,0.933427
1418.908984,0.015832,0.016807,0.942004
1418.910156,0.016149,0.016860,0.957819
1418.911328,0.016227,0.016941,0.957824
1418.912500,0.016305,0.017048,0.956410
1418.913672,0.016235,0.017141,0.947151
1418.914844,0.016239,0.017213,0.943422
1418.916016,0.016469,0.017288,0.952642
1418.917187,0.016647,0.017379,0.957875
1418.918359,0.016788,0.017456,0.961684
1418.919531,0.016990,0.017535,0.968921
1418.920703,0.017052,0.017606,0.968555
1418.921875,0.016949,0.017660,0.959742
1418.923047,0.017002,0.017722,0.959374
1418.924219,0.017370,0.017804,0.975637
1418.925391,0.017425,0.017924,0.972167
1418.926563,0.017335,0.018011,0.962447
1418.927734,0.017339,0.018094,0.958311
1418.928906,0.017378,0.018159,0.957026
1418.930078,0.017673,0.018239,0.968953
1418.931250,0.017837,0.018366,0.971193
1418.932422,0.017833,0.018464,0.965824
1418.933594,0.017802,0.018537,0.960337
1418.934766,0.018011,0.018635,0.966503
1418.935937,0.018228,0.018753,0.971962
1418.937109,0.017969,0.018850,0.953246
1418.938281,0.017795,0.018899,0.941597
1418.939453,0.018226,0.018987,0.959933
1418.940625,0.018498,0.019147,0.966115
1418.941797,0.018525,0.019276,0.961038
1418.942969,0.018269,0.019366,0.943357
1418.944141,0.018240,0.019449,0.937834
1418.945312,0.018551,0.019513,0.950729
1418.946484,0.018669,0.019600,0.952466
1418.947656,0.018471,0.019716,0.936858
1418.948828,0.018563,0.019869,0.934287
1418.950000,0.018851,0.019957,0.944557
1418.951172,0.019326,0.019998,0.966364
1418.952344,0.019696,0.020098,0.979992
1418.953516,0.019770,0.020204,0.978499
1418.954687,0.019757,0.020299,0.973270
1418.955859,0.019709,0.020455,0.963529
1418.957031,0.019546,0.020599,0.948848
1418.958203,0.019525,0.020680,0.944181
1418.959375,0.019668,0.020775,0.946755
1418.960547,0.019759,0.020881,0.946273
1418.961719,0.019899,0.020987,0.948161
1418.962891,0.020157,0.021084,0.956025
1418.964062,0.020152,0.021219,0.949693
1418.965234,0.020199,0.021351,0.946075
1418.966406,0.020446,0.021418,0.954593
1418.967578,0.020731,0.021525,0.963126
1418.968750,0.020751,0.021694,0.956531
1418.969922,0.020783,0.021810,0.952918
1418.971094,0.021095,0.021906,0.962977
1418.972266,0.021171,0.022052,0.960042
1418.973438,0.021291,0.022136,0.961861
1418.974609,0.021266,0.022212,0.957439
1418.975781,0.021281,0.022287,0.954854
1418.976953,0.021654,0.022381,0.967525
1418.978125,0.021731,0.022569,0.962891
1418.979297,0.021792,0.022651,0.962064
1418.980469,0.021973,0.022669,0.969297
1418.981641,0.021818,0.022841,0.955212
1418.982812,0.021711,0.023044,0.942174
1418.983984,0.021937,0.023203,0.945436
1418.985156,0.021850,0.023301,0.937749
1418.986328,0.021690,0.023367,0.928232
1418.987500,0.022181,0.023470,0.945065
1418.988672,0.022833,0.023569,0.968749
1418.989844,0.022749,0.023754,0.957708
1418.991016,0.022769,0.023879,0.953486
1418.992188,0.023037,0.023917,0.963176
1418.993359,0.023022,0.024017,0.958573
1418.994531,0.023140,0.024171,0.957351
1418.995703,0.023080,0.024336,0.948415
1418.996875,0.022921,0.024441,0.937803
1418.998047,0.023279,0.024511,0.949713
1418.999219,0.023497,0.024599,0.955216
1419.000391,0.023226,0.024763,0.937918
1419.001562,0.023203,0.024964,0.929444
1419.002734,0.023511,0.025054,0.938427
1419.003906,0.023890,0.025142,0.950182
1419.005078,0.024370,0.025215,0.966468
1419.006250,0.024504,0.025287,0.969018
1419.007422,0.024511,0.025416,0.964381
1419.008594,0.024461,0.025513,0.958753
1419.009766,0.024518,0.025592,0.958037
1419.010937,0.024862,0.025677,0.968297
1419.012109,0.025118,0.025823,0.972699
1419.013281,0.025141,0.025974,0.967956
1419.014453,0.024918,0.026049,0.956590
1419.015625,0.024929,0.026180,0.952202
1419.016797,0.025052,0.026350,0.950747
1419.017969,0.025179,0.026533,0.948991
1419.019141,0.025224,0.026674,0.945642
1419.020313,0.025264,0.026775,0.943552
1419.021484,0.025382,0.026889,0.943963
1419.022656,0.025624,0.026957,0.950527
1419.023828,0.025717,0.026953,0.954141
1419.025000,0.025599,0.027055,0.946159
1419.026172,0.025589,0.027289,0.937728
1419.027344,0.025782,0.027511,0.937152
1419.028516,0.026455,0.027631,0.957422
1419.029687,0.026797,0.027631,0.969818
1419.030859,0.026589,0.027662,0.961208
1419.032031,0.026447,0.027845,0.949795
1419.033203,0.026759,0.028027,0.954760
1419.034375,0.027111,0.028158,0.962813
1419.035547,0.027215,0.028236,0.963839
1419.036719,0.027431,0.028284,0.969854
1419.037891,0.027544,0.028419,0.969222
1419.039062,0.027398,0.028516,0.960790
1419.040234,0.027503,0.028610,0.961294
1419.041406,0.027298,0.028786,0.948283
1419.042578,0.027232,0.028921,0.941616
1419.043750,0.027442,0.028995,0.946446
1419.044922,0.027633,0.029072,0.950513
1419.046094,0.027462,0.029124,0.942925
1419.047266,0.027505,0.029246,0.940468
1419.048437,0.027767,0.029443,0.943061
1419.049609,0.028069,0.029597,0.948381
1419.050781,0.028425,0.029682,0.957632
1419.051953,0.028731,0.029741,0.966016
1419.053125,0.028800,0.029842,0.965062
1419.054297,0.028995,0.029926,0.968906
1419.055469,0.029039,0.030066,0.965837
1419.056641,0.028917,0.030200,0.957532
1419.057812,0.028945,0.030322,0.954583
1419.058984,0.028816,0.030499,0.944824
1419.060156,0.028995,0.030621,0.946901
1419.061328,0.029334,0.030679,0.956144
1419.062500,0.029455,0.030802,0.956250
1419.063672,0.029831,0.030900,0.965426
1419.064844,0.029959,0.030890,0.969881
1419.066016,0.030385,0.030919,0.982748
1419.067188,0.030068,0.031030,0.968997
1419.068359,0.029748,0.031175,0.954218
1419.069531,0.030122,0.031313,0.961977
1419.070703,0.030342,0.031445,0.964902
1419.071875,0.030215,0.031608,0.955915
1419.073047,0.030208,0.031724,0.952215
1419.074219,0.030710,0.031829,0.964824
1419.075391,0.030638,0.031952,0.958880
1419.076562,0.030223,0.032068,0.942454
1419.077734,0.030401,0.032163,0.945218
1419.078906,0.030681,0.032203,0.952759
1419.080078,0.030763,0.032279,0.953013
1419.081250,0.030725,0.032435,0.947269
1419.082422,0.031052,0.032514,0.955015
1419.083594,0.031481,0.032506,0.968446
1419.084766,0.031856,0.032566,0.978204
1419.085938,0.031747,0.032719,0.970299
1419.087109,0.031462,0.032889,0.956619
1419.088281,0.031459,0.033050,0.951851
1419.089453,0.031287,0.033092,0.945442
1419.090625,0.031238,0.033200,0.940881
1419.091797,0.031250,0.033287,0.938813
1419.092969,0.031723,0.033301,0.952609
1419.094141,0.032113,0.033417,0.960981
1419.095312,0.032153,0.033583,0.957434
1419.096484,0.032315,0.033629,0.960916
1419.097656,0.032432,0.033690,0.962664
1419.098828,0.032562,0.033760,0.964493
1419.100000,0.032528,0.033881,0.960047
1419.101172,0.032209,0.034082,0.945071
1419.102344,0.032195,0.034233,0.940470
1419.103516,0.032012,0.034285,0.933713
1419.104687,0.032172,0.034379,0.935806
1419.105859,0.032709,0.034493,0.948273
1419.107031,0.032986,0.034551,0.954708
1419.108203,0.032931,0.034621,0.951180
1419.109375,0.032810,0.034777,0.943441
1419.110547,0.032928,0.034883,0.943952
1419.111719,0.033146,0.034932,0.948875
1419.112891,0.033394,0.035018,0.953610
1419.114063,0.033399,0.035099,0.951575
1419.115234,0.033502,0.035141,0.953358
1419.116406,0.033890,0.035171,0.963563
1419.117578,0.033903,0.035311,0.960126
1419.118750,0.033929,0.035492,0.955960
1419.119922,0.033967,0.035605,0.954009
1419.121094,0.034228,0.035658,0.959907
1419.122266,0.034405,0.035749,0.962389
1419.123437,0.034893,0.035805,0.974526
1419.124609,0.034387,0.035798,0.960585
1419.125781,0.034028,0.035817,0.950036
1419.126953,0.034654,0.035884,0.965718
1419.128125,0.034756,0.035999,0.965464
1419.129297,0.034417,0.036162,0.951742
1419.130469,0.034174,0.036377,0.939458
1419.131641,0.034466,0.036481,0.944755
1419.132812,0.034842,0.036510,0.954316
1419.133984,0.034959,0.036571,0.955920
1419.135156,0.034845,0.036635,0.951135
1419.136328,0.035046,0.036677,0.955540
1419.137500,0.035594,0.036737,0.968875
1419.138672,0.035524,0.036872,0.963425
1419.139844,0.035331,0.036974,0.955579
1419.141016,0.035129,0.037075,0.947516
1419.142187,0.035034,0.037059,0.945371
1419.143359,0.035423,0.036985,0.957772
1419.144531,0.035736,0.037152,0.961895
1419.145703,0.035631,0.037340,0.954236
1419.146875,0.035013,0.037434,0.935313
1419.148047,0.034722,0.037507,0.925756
1419.149219,0.034863,0.037536,0.928773
1419.150391,0.035004,0.037610,0.930707
1419.151562,0.035172,0.037686,0.933291
1419.152734,0.035384,0.037782,0.936535
1419.153906,0.035934,0.037825,0.950001
1419.155078,0.036341,0.037804,0.961312
1419.156250,0.036296,0.037893,0.957852
1419.157422,0.036406,0.038005,0.957930
1419.158594,0.036422,0.038041,0.957452
1419.159766,0.036376,0.038092,0.954960
1419.160938,0.036415,0.038080,0.956298
1419.162109,0.036483,0.038187,0.955396
1419.163281,0.036484,0.038416,0.949711
1419.164453,0.036326,0.038505,0.943419
1419.165625,0.036173,0.038527,0.938883
1419.166797,0.036768,0.038577,0.953117
1419.167969,0.037073,0.038580,0.960923
1419.169141,0.036379,0.038620,0.941961
1419.170312,0.036216,0.038801,0.933365
1419.171484,0.036354,0.038850,0.935753
1419.172656,0.036647,0.038835,0.943653
1419.173828,0.036915,0.038851,0.950160
1419.175000,0.037449,0.038898,0.962744
1419.176172,0.037794,0.038990,0.969325
1419.177344,0.037172,0.039097,0.950765
1419.178516,0.036558,0.039115,0.934618
1419.179688,0.036793,0.039182,0.939032
1419.180859,0.037374,0.039312,0.950701
1419.182031,0.038037,0.039356,0.966484
1419.183203,0.037968,0.039330,0.965357
1419.184375,0.037907,0.039351,0.963317
1419.185547,0.037610,0.039386,0.954921
1419.186719,0.037472,0.039445,0.949976
1419.187891,0.037729,0.039625,0.952142
1419.189062,0.037983,0.039690,0.956992
1419.190234,0.038329,0.039658,0.966477
1419.191406,0.038339,0.039648,0.966974
1419.192578,0.037530,0.039673,0.945984
1419.193750,0.037256,0.039688,0.938720
1419.194922,0.037829,0.039723,0.952326
1419.196094,0.037967,0.039820,0.953455
1419.197266,0.038051,0.039820,0.955596
1419.198437,0.038228,0.039818,0.960054
1419.199609,0.038110,0.039930,0.954438
1419.200781,0.038171,0.040099,0.951923
1419.201953,0.038430,0.040134,0.957548
1419.203125,0.038451,0.040131,0.958137
1419.204297,0.038477,0.040200,0.957142
1419.205469,0.038323,0.040147,0.954562
1419.206641,0.038451,0.040046,0.960174
1419.207813,0.038864,0.040208,0.966570
1419.208984,0.039225,0.040363,0.971790
1419.210156,0.039127,0.040394,0.968632
1419.211328,0.038800,0.040426,0.959776
1419.212500,0.038386,0.040414,0.949811
1419.213672,0.038300,0.040465,0.946475
1419.214844,0.038574,0.040520,0.951967
1419.216016,0.038683,0.040563,0.953629
1419.217187,0.038770,0.040581,0.955365
1419.218359,0.038668,0.040635,0.951605
1419.219531,0.038276,0.040716,0.940068
1419.220703,0.038373,0.040739,0.941905
1419.221875,0.038638,0.040816,0.946646
1419.223047,0.039021,0.040926,0.953456
1419.224219,0.039594,0.040933,0.967290
1419.225391,0.039330,0.040958,0.960257
1419.226562,0.038533,0.041003,0.939770
1419.227734,0.038228,0.041031,0.931694
1419.228906,0.038702,0.041000,0.943936
1419.230078,0.039510,0.040972,0.964308
1419.231250,0.039546,0.041062,0.963071
1419.232422,0.038671,0.041104,0.940793
1419.233594,0.038655,0.041095,0.940628
1419.234766,0.039332,0.041126,0.956382
1419.235937,0.039417,0.041163,0.957600
1419.237109,0.039494,0.041204,0.958504
1419.238281,0.039007,0.041180,0.947246
1419.239453,0.039167,0.041197,0.950708
1419.240625,0.039743,0.041295,0.962429
1419.241797,0.039526,0.041379,0.955234
1419.242969,0.039227,0.041350,0.948645
1419.244141,0.038909,0.041389,0.940089
1419.245312,0.039022,0.041417,0.942182
1419.246484,0.039390,0.041379,0.951940
1419.247656,0.039447,0.041364,0.953658
1419.248828,0.039204,0.041415,0.946599
1419.250000,0.038983,0.041501,0.939327
1419.251172,0.039364,0.041588,0.946516
1419.252344,0.039735,0.041585,0.955503
1419.253516,0.039961,0.041538,0.962038
1419.254688,0.039896,0.041508,0.961180
1419.255859,0.039999,0.041509,0.963613
1419.257031,0.040213,0.041544,0.967958
1419.258203,0.040159,0.041653,0.964137
1419.259375,0.039929,0.041681,0.957956
1419.260547,0.039984,0.041667,0.959612
1419.261719,0.039963,0.041662,0.959221
1419.262891,0.040305,0.041714,0.966210
1419.264062,0.040285,0.041836,0.962923
1419.265234,0.039765,0.041713,0.953299
1419.266406,0.039393,0.041580,0.947404
1419.267578,0.039269,0.041553,0.945047
1419.268750,0.039863,0.041582,0.958677
1419.269922,0.040152,0.041766,0.961351
1419.271094,0.040249,0.041758,0.963854
1419.272266,0.039858,0.041675,0.956411
1419.273438,0.039479,0.041762,0.945343
1419.274609,0.040012,0.041807,0.957066
1419.275781,0.039903,0.041774,0.955207
1419.276953,0.039888,0.041788,0.954524
1419.278125,0.039910,0.041725,0.956499
1419.279297,0.039887,0.041807,0.954074
1419.280469,0.039804,0.041798,0.952281
1419.281641,0.040190,0.041723,0.963256
1419.282812,0.040267,0.041896,0.961113
1419.283984,0.039880,0.041919,0.951359
1419.285156,0.039931,0.041834,0.954494
1419.286328,0.040120,0.041852,0.958620
1419.287500,0.039717,0.041855,0.948917
1419.288672,0.040092,0.041822,0.958641
1419.289844,0.040211,0.041788,0.962253
1419.291016,0.040034,0.041855,0.956490
1419.292187,0.039689,0.041941,0.946310
1419.293359,0.039392,0.041882,0.940551
1419.294531,0.039601,0.041796,0.947472
1419.295703,0.039752,0.041781,0.951439
1419.296875,0.040158,0.041860,0.959327
1419.298047,0.040584,0.041895,0.968722
1419.299219,0.040684,0.041830,0.972595
1419.300391,0.040695,0.041873,0.971871
1419.301563,0.040101,0.041950,0.955918
1419.302734,0.039561,0.042014,0.941619
1419.303906,0.039379,0.041888,0.940103
1419.305078,0.039823,0.041743,0.953999
1419.306250,0.040383,0.041800,0.966102
1419.307422,0.040120,0.041874,0.958114
1419.308594,0.039602,0.041880,0.945606
1419.309766,0.039233,0.041833,0.937849
1419.310937,0.039309,0.041789,0.940637
1419.312109,0.039148,0.041832,0.935825
1419.313281,0.039405,0.041807,0.942533
1419.314453,0.039595,0.041771,0.947907
1419.315625,0.039065,0.041828,0.933934
1419.316797,0.039125,0.041920,0.933323
1419.317969,0.039455,0.041906,0.941533
1419.319141,0.039543,0.041819,0.945570
1419.320312,0.039500,0.041739,0.946369
1419.321484,0.039685,0.041690,0.951885
1419.322656,0.040421,0.041797,0.967087
1419.323828,0.040056,0.041898,0.956042
1419.325000,0.039192,0.041808,0.937431
1419.326172,0.039389,0.041778,0.942815
1419.327344,0.039862,0.041744,0.954909
1419.328516,0.039927,0.041718,0.957065
1419.329687,0.040085,0.041763,0.959810
1419.330859,0.040151,0.041777,0.961069
1419.332031,0.039831,0.041736,0.954358
1419.333203,0.039509,0.041646,0.948687
1419.334375,0.039127,0.041566,0.941309
1419.335547,0.039193,0.041528,0.943758
1419.336719,0.039703,0.041532,0.955964
1419.337891,0.039746,0.041586,0.955758
1419.339062,0.039108,0.041671,0.938488
1419.340234,0.039071,0.041748,0.935873
1419.341406,0.039980,0.041721,0.958270
1419.342578,0.040015,0.041653,0.960667
1419.343750,0.039661,0.041649,0.952256
1419.344922,0.039600,0.041545,0.953200
1419.346094,0.039353,0.041563,0.946829
1419.347266,0.039401,0.041682,0.945271
1419.348438,0.039298,0.041627,0.944059
1419.349609,0.039243,0.041450,0.946751
1419.350781,0.039280,0.041448,0.947696
1419.351953,0.039403,0.041476,0.950016
1419.353125,0.039527,0.041416,0.954387
1419.354297,0.039695,0.041408,0.958639
1419.355469,0.039712,0.041455,0.957953
1419.356641,0.039434,0.041458,0.951178
1419.357812,0.039460,0.041418,0.952738
1419.358984,0.039797,0.041283,0.964009
1419.360156,0.039695,0.041256,0.962172
1419.361328,0.039309,0.041232,0.953368
1419.362500,0.039345,0.041259,0.953613
1419.363672,0.039854,0.041295,0.965109
1419.364844,0.039809,0.041299,0.963918
1419.366016,0.039579,0.041230,0.959974
1419.367188,0.039447,0.041217,0.957070
1419.368359,0.039235,0.041267,0.950765
1419.369531,0.038876,0.041259,0.942234
1419.370703,0.039015,0.041282,0.945089
1419.371875,0.039021,0.041291,0.945018
1419.373047,0.039529,0.041176,0.960010
1419.374219,0.039295,0.041133,0.955327
1419.375391,0.039273,0.041124,0.954994
1419.376562,0.039342,0.041156,0.955924
1419.377734,0.038969,0.041121,0.947664
1419.378906,0.038645,0.041115,0.939930
1419.380078,0.038536,0.041087,0.937913
1419.381250,0.038749,0.041012,0.944814
1419.382422,0.039032,0.040982,0.952410
1419.383594,0.038980,0.040973,0.951346
1419.384766,0.039041,0.040897,0.954617
1419.385937,0.039509,0.040806,0.968222
1419.387109,0.039330,0.040785,0.964323
1419.388281,0.038674,0.040803,0.947818
1419.389453,0.038308,0.040923,0.936109
1419.390625,0.038386,0.040935,0.937749
1419.391797,0.038703,0.040889,0.946541
1419.392969,0.038789,0.040814,0.950402
1419.394141,0.038966,0.040750,0.956236
1419.395313,0.039055,0.040783,0.957633
1419.396484,0.039114,0.040847,0.957573
1419.397656,0.039095,0.040799,0.958246
1419.398828,0.039239,0.040642,0.965461
1419.400000,0.039328,0.040607,0.968501
1419.401172,0.038898,0.040599,0.958099
1419.402344,0.038441,0.040590,0.947042
1419.403516,0.038413,0.040583,0.946544
1419.404687,0.038490,0.040556,0.949055
1419.405859,0.038978,0.040527,0.961777
1419.407031,0.038549,0.040529,0.951135
1419.408203,0.038055,0.040624,0.936755
1419.409375,0.038162,0.040640,0.939032
1419.410547,0.038286,0.040589,0.943250
1419.411719,0.038473,0.040619,0.947174
1419.412891,0.039050,0.040513,0.963879
1419.414062,0.039734,0.040535,0.980239
1419.415234,0.039796,0.040814,0.975072
1419.416406,0.038872,0.040549,0.958632
1419.417578,0.038565,0.040275,0.957531
1419.418750,0.038696,0.040213,0.962261
1419.419922,0.038517,0.040337,0.954881
1419.421094,0.037655,0.040289,0.934626
1419.422266,0.037262,0.040247,0.925833
1419.423437,0.037845,0.040349,0.937953
1419.424609,0.038436,0.040291,0.953966
1419.425781,0.038332,0.040173,0.954158
1419.426953,0.037882,0.040100,0.944686
1419.428125,0.037546,0.040079,0.936800
1419.429297,0.037889,0.040149,0.943723
1419.430469,0.038384,0.040165,0.955676
1419.431641,0.039061,0.040042,0.975506
1419.432812,0.038749,0.039943,0.970102
1419.433984,0.038469,0.039962,0.962646
1419.435156,0.038575,0.039980,0.964867
1419.436328,0.038593,0.039933,0.966440
1419.437500,0.038314,0.039871,0.960949
1419.438672,0.037956,0.039839,0.952739
1419.439844,0.037818,0.039882,0.948228
1419.441016,0.037319,0.039911,0.935042
1419.442188,0.037412,0.039915,0.937291
1419.443359,0.038045,0.039882,0.953941
1419.444531,0.038528,0.039839,0.967095
1419.445703,0.037970,0.039834,0.953218
1419.446875,0.037864,0.039900,0.948974
1419.448047,0.037854,0.039789,0.951369
1419.449219,0.038210,0.039646,0.963772
1419.450391,0.038654,0.039576,0.976700
1419.451562,0.038323,0.039549,0.968984
1419.452734,0.037792,0.039631,0.953588
1419.453906,0.038252,0.039677,0.964075
1419.455078,0.038378,0.039597,0.969216
1419.456250,0.037977,0.039619,0.958567
1419.457422,0.037761,0.039623,0.952993
1419.458594,0.037297,0.039539,0.943299
1419.459766,0.037116,0.039532,0.938886
1419.460938,0.037005,0.039521,0.936333
1419.462109,0.037170,0.039519,0.940564
1419.463281,0.037230,0.039504,0.942434
1419.464453,0.037103,0.039346,0.942991
1419.465625,0.037360,0.039286,0.950982
1419.466797,0.037748,0.039345,0.959399
1419.467969,0.037852,0.039329,0.962429
1419.469141,0.037816,0.039298,0.962297
1419.470312,0.037660,0.039332,0.957510
1419.471484,0.037646,0.039339,0.956965
1419.472656,0.037720,0.039355,0.958451
1419.473828,0.038445,0.040381,0.952052
1419.475000,0.039336,0.041754,0.942083
1419.476172,0.037945,0.040372,0.939885
1419.477344,0.036999,0.039323,0.940904
1419.478516,0.037022,0.039212,0.944144
1419.479687,0.037500,0.039187,0.956939
1419.480859,0.037792,0.039113,0.966241
1419.482031,0.037604,0.039063,0.962634
1419.483203,0.037548,0.039132,0.959530
1419.484375,0.037090,0.039117,0.948180
1419.485547,0.036772,0.039000,0.942877
1419.486719,0.036986,0.039019,0.947878
1419.487891,0.037606,0.039024,0.963686
1419.489063,0.037659,0.038978,0.966162
1419.490234,0.037440,0.038982,0.960432
1419.491406,0.037402,0.038955,0.960115
1419.492578,0.037180,0.038957,0.954389
1419.493750,0.036619,0.038968,0.939713
1419.494922,0.036610,0.038975,0.939309
1419.496094,0.036844,0.038960,0.945691
1419.497266,0.037073,0.038903,0.952945
1419.498437,0.036903,0.038863,0.949572
1419.499609,0.036628,0.038842,0.943008
1419.500781,0.036572,0.038880,0.940633
1419.501953,0.036785,0.038892,0.945824
1419.503125,0.036997,0.038866,0.951909
1419.504297,0.037123,0.038739,0.958281
1419.505469,0.036941,0.038644,0.955923
1419.506641,0.036962,0.038747,0.953931
1419.507812,0.037226,0.038761,0.960380
1419.508984,0.037124,0.038659,0.960298
1419.510156,0.036791,0.038724,0.950082
1419.511328,0.036531,0.038772,0.942198
1419.512500,0.036702,0.038693,0.948539
1419.513672,0.036477,0.038636,0.944105
1419.514844,0.036185,0.038565,0.938286
1419.516016,0.036518,0.038484,0.948910
1419.517187,0.036802,0.038411,0.958095
1419.518359,0.036970,0.038403,0.962690
1419.519531,0.037115,0.038441,0.965501
1419.520703,0.036943,0.038510,0.959317
1419.521875,0.036378,0.038472,0.945574
1419.523047,0.036670,0.038414,0.954608
1419.524219,0.037030,0.038467,0.962649
1419.525391,0.036730,0.038552,0.952740
1419.526562,0.037126,0.038573,0.962497
1419.527734,0.037384,0.038572,0.969203
1419.528906,0.036974,0.038462,0.961295
1419.530078,0.037042,0.038316,0.966740
1419.531250,0.036952,0.038345,0.963687
1419.532422,0.036896,0.038401,0.960806
1419.533594,0.037128,0.038420,0.966386
1419.534766,0.036927,0.038351,0.962869
1419.535938,0.036389,0.038291,0.950334
1419.537109,0.036253,0.038271,0.947267
1419.538281,0.036520,0.038252,0.954731
1419.539453,0.036864,0.038229,0.964301
1419.540625,0.037113,0.038245,0.970397
1419.541797,0.036466,0.038349,0.950890
1419.542969,0.035685,0.038303,0.931657
1419.544141,0.036002,0.038287,0.940318
1419.545312,0.036993,0.038282,0.966340
1419.546484,0.037104,0.038258,0.969836
1419.547656,0.036579,0.038180,0.958057
1419.548828,0.036419,0.038183,0.953788
1419.550000,0.036229,0.038138,0.949932
1419.551172,0.035905,0.038077,0.942965
1419.552344,0.035863,0.038155,0.939919
1419.553516,0.036041,0.038257,0.942079
1419.554688,0.036096,0.038206,0.944767
1419.555859,0.036395,0.038156,0.953843
1419.557031,0.036659,0.038099,0.962189
1419.558203,0.036318,0.038108,0.953040
1419.559375,0.035710,0.038193,0.934982
1419.560547,0.035664,0.038168,0.934412
1419.561719,0.035857,0.038133,0.940306
1419.562891,0.035904,0.038151,0.941095
1419.564062,0.036253,0.038085,0.951883
1419.565234,0.036250,0.038053,0.952624
1419.566406,0.036021,0.038040,0.946916
1419.567578,0.036068,0.038014,0.948787
1419.568750,0.035770,0.037953,0.942490
1419.569922,0.035848,0.038029,0.942656
1419.571094,0.036395,0.038113,0.954911
1419.572266,0.036517,0.038003,0.960890
1419.573437,0.036466,0.037930,0.961416
1419.574609,0.036517,0.037956,0.962081
1419.575781,0.036316,0.037986,0.956032
1419.576953,0.035785,0.038027,0.941043
1419.578125,0.035753,0.037976,0.941481
1419.579297,0.036262,0.038022,0.953717
1419.580469,0.036667,0.038147,0.961190
1419.581641,0.036508,0.038109,0.957999
1419.582813,0.036166,0.037958,0.952793
1419.583984,0.036086,0.037953,0.950800
1419.585156,0.036118,0.037983,0.950886
1419.586328,0.035242,0.037971,0.928147
1419.587500,0.035151,0.037937,0.926554
1419.588672,0.035838,0.037969,0.943874
1419.589844,0.036092,0.037999,0.949815
1419.591016,0.036341,0.037936,0.957944
1419.592187,0.036130,0.037892,0.953486
1419.593359,0.036533,0.037906,0.963783
1419.594531,0.036627,0.037918,0.965935
1419.595703,0.035748,0.037879,0.943737
1419.596875,0.035501,0.037845,0.938053
1419.598047,0.036154,0.037971,0.952142
1419.599219,0.036471,0.038056,0.958361
1419.600391,0.036520,0.037921,0.963037
1419.601562,0.036641,0.037843,0.968238
1419.602734,0.036773,0.037904,0.970168
1419.603906,0.037032,0.037950,0.975816
1419.605078,0.036654,0.037929,0.966391
1419.606250,0.035939,0.037876,0.948868
1419.607422,0.035825,0.037906,0.945098
1419.608594,0.035883,0.037960,0.945283
1419.609766,0.035563,0.038012,0.935587
1419.610937,0.035721,0.038012,0.939722
1419.612109,0.035960,0.037980,0.946810
1419.613281,0.036373,0.038000,0.957171
1419.614453,0.036628,0.037962,0.964860
1419.615625,0.036444,0.037983,0.959470
1419.616797,0.036229,0.037963,0.954328
1419.617969,0.036049,0.037906,0.951014
1419.619141,0.036090,0.037853,0.953415
1419.620312,0.036155,0.037830,0.955729
1419.621484,0.035949,0.037929,0.947785
1419.622656,0.035871,0.037923,0.945892
1419.623828,0.035908,0.037921,0.946921
1419.625000,0.035897,0.037929,0.946436
1419.626172,0.035906,0.037908,0.947175
1419.627344,0.036075,0.037915,0.951459
1419.628516,0.036512,0.037977,0.961432
1419.629688,0.036443,0.038014,0.958692
1419.630859,0.036206,0.038020,0.952275
1419.632031,0.036113,0.037957,0.951410
1419.633203,0.036092,0.037847,0.953637
1419.634375,0.036363,0.037889,0.959725
1419.635547,0.036470,0.038039,0.958746
1419.636719,0.036389,0.037999,0.957645
1419.637891,0.036171,0.037934,0.953510
1419.639062,0.036308,0.037903,0.957925
1419.640234,0.036221,0.037930,0.954949
1419.641406,0.036349,0.038034,0.955682
1419.642578,0.036367,0.038027,0.956352
1419.643750,0.036141,0.037952,0.952289
1419.644922,0.036513,0.037944,0.962291
1419.646094,0.037014,0.037988,0.974360
1419.647266,0.036470,0.037983,0.960158
1419.648438,0.036067,0.037992,0.949334
1419.649609,0.035953,0.038048,0.944931
1419.650781,0.035669,0.038085,0.936568
1419.651953,0.035831,0.038043,0.941868
1419.653125,0.036095,0.038027,0.949192
1419.654297,0.036209,0.037998,0.952939
1419.655469,0.036110,0.038048,0.949066
1419.656641,0.035979,0.038093,0.944514
1419.657812,0.036192,0.038066,0.950774
1419.658984,0.036354,0.038092,0.954368
1419.660156,0.036697,0.038097,0.963261
1419.661328,0.036648,0.038075,0.962517
1419.662500,0.036674,0.038072,0.963287
1419.663672,0.036622,0.038087,0.961546
1419.664844,0.036097,0.038117,0.946997
1419.666016,0.035762,0.038136,0.937741
1419.667187,0.035564,0.038110,0.933179
1419.668359,0.035243,0.038102,0.924974
1419.669531,0.035497,0.038232,0.928456
1419.670703,0.035965,0.038222,0.940935
1419.671875,0.036073,0.038157,0.945372
1419.673047,0.036010,0.038198,0.942700
1419.674219,0.036262,0.038259,0.947816
1419.675391,0.036702,0.038220,0.960300
1419.676563,0.036691,0.038231,0.959725
1419.677734,0.036562,0.038236,0.956203
1419.678906,0.036076,0.038240,0.943406
1419.680078,0.036034,0.038268,0.941637
1419.681250,0.036773,0.038249,0.961425
1419.682422,0.036953,0.038266,0.965683
1419.683594,0.036805,0.038323,0.960390
1419.684766,0.036941,0.038303,0.964441
1419.685937,0.037003,0.038280,0.966650
1419.687109,0.037170,0.038300,0.970493
1419.688281,0.036832,0.038382,0.959628
1419.689453,0.036172,0.038403,0.941908
1419.690625,0.036182,0.038330,0.943981
1419.691797,0.036851,0.038288,0.962475
1419.692969,0.036969,0.038317,0.964815
1419.694141,0.036442,0.038369,0.949772
1419.695312,0.036034,0.038463,0.936849
1419.696484,0.035995,0.038574,0.933158
1419.697656,0.036440,0.038570,0.944791
1419.698828,0.036473,0.038575,0.945509
1419.700000,0.036516,0.038547,0.947318
1419.701172,0.036791,0.038523,0.955046
1419.702344,0.036979,0.038488,0.960780
1419.703516,0.036691,0.038508,0.952812
1419.704687,0.036598,0.038489,0.950868
1419.705859,0.036672,0.038480,0.952997
1419.707031,0.036625,0.038586,0.949166
1419.708203,0.036684,0.038615,0.949994
1419.709375,0.036368,0.038624,0.941586
1419.710547,0.036354,0.038702,0.939336
1419.711719,0.036759,0.038702,0.949791
1419.712891,0.037065,0.038653,0.958919
1419.714062,0.036847,0.038671,0.952826
1419.715234,0.037039,0.038698,0.957145
1419.716406,0.037289,0.038736,0.962647
1419.717578,0.036813,0.038779,0.949310
1419.718750,0.036842,0.038738,0.951045
1419.719922,0.037418,0.038747,0.965721
1419.721094,0.037395,0.038843,0.962725
1419.722266,0.037425,0.038887,0.962405
1419.723438,0.037455,0.038827,0.964674
1419.724609,0.037198,0.038745,0.960070
1419.725781,0.036956,0.038828,0.951797
1419.726953,0.036684,0.038922,0.942495
1419.728125,0.036757,0.038855,0.945993
1419.729297,0.037423,0.038872,0.962725
1419.730469,0.037508,0.038903,0.964133
1419.731641,0.036794,0.038807,0.948115
1419.732812,0.036984,0.038828,0.952523
1419.733984,0.037234,0.038888,0.957470
1419.735156,0.037280,0.038880,0.958862
1419.736328,0.037868,0.038938,0.972517
1419.737500,0.038015,0.039047,0.973555
1419.738672,0.037067,0.039163,0.946479
1419.739844,0.036852,0.039229,0.939398
1419.741016,0.037723,0.039269,0.960631
1419.742188,0.037808,0.039205,0.964368
1419.743359,0.037759,0.039132,0.964935
1419.744531,0.037613,0.039168,0.960308
1419.745703,0.036889,0.039157,0.942083
1419.746875,0.036746,0.039152,0.938543
1419.748047,0.037045,0.039071,0.948141
1419.749219,0.037174,0.038962,0.954104
1419.750391,0.037101,0.039056,0.949948
1419.751562,0.037319,0.039166,0.952825
1419.752734,0.037423,0.039186,0.954992
1419.753906,0.037604,0.039153,0.960440
1419.755078,0.038122,0.039173,0.973155
1419.756250,0.038407,0.039242,0.978726
1419.757422,0.037698,0.039308,0.959043
1419.758594,0.037485,0.039373,0.952038
1419.759766,0.037210,0.039382,0.944836
1419.760937,0.036976,0.039378,0.939017
1419.762109,0.037288,0.039366,0.947225
1419.763281,0.037582,0.039406,0.953697
1419.764453,0.037814,0.039401,0.959715
1419.765625,0.037613,0.039447,0.953501
1419.766797,0.037480,0.039567,0.947270
1419.767969,0.038185,0.039527,0.966049
1419.769141,0.037785,0.039477,0.957129
1419.770313,0.037377,0.039544,0.945187
1419.771484,0.037508,0.039602,0.947141
1419.772656,0.037512,0.039576,0.947834
1419.773828,0.037359,0.039495,0.945899
1419.775000,0.037153,0.039586,0.938530
1419.776172,0.037364,0.039637,0.942671
1419.777344,0.037808,0.039615,0.954373
1419.778516,0.038031,0.039674,0.958604
1419.779687,0.037692,0.039681,0.949889
1419.780859,0.037369,0.039552,0.944812
1419.782031,0.037730,0.039564,0.953648
1419.783203,0.037942,0.039680,0.956186
1419.784375,0.037569,0.039626,0.948089
1419.785547,0.037830,0.039687,0.953214
1419.786719,0.038884,0.039762,0.977898
1419.787891,0.038948,0.039746,0.979903
1419.789062,0.038134,0.039741,0.959553
1419.790234,0.037314,0.039802,0.937475
1419.791406,0.037477,0.039907,0.939110
1419.792578,0.037590,0.039898,0.942168
1419.793750,0.037644,0.039885,0.943809
1419.794922,0.037853,0.039906,0.948552
1419.796094,0.037796,0.039909,0.947062
1419.797266,0.037908,0.039903,0.950020
1419.798437,0.038473,0.039954,0.962940
1419.799609,0.038363,0.040097,0.956754
1419.800781,0.038423,0.040127,0.957535
1419.801953,0.038390,0.040118,0.956930
1419.803125,0.038281,0.040108,0.954446
1419.804297,0.038223,0.040034,0.954758
1419.805469,0.037834,0.040084,0.943855
1419.806641,0.037548,0.040070,0.937074
1419.807812,0.038193,0.040015,0.954464
1419.808984,0.038596,0.040025,0.964301
1419.810156,0.038690,0.040153,0.963555
1419.811328,0.038507,0.040294,0.955660
1419.812500,0.038235,0.040253,0.949878
1419.813672,0.038528,0.040256,0.957058
1419.814844,0.038876,0.040289,0.964924
1419.816016,0.038343,0.040386,0.949418
1419.817188,0.037883,0.040413,0.937385
1419.818359,0.037749,0.040287,0.937001
1419.819531,0.037785,0.040223,0.939383
1419.820703,0.038882,0.040270,0.965540
1419.821875,0.039265,0.040383,0.972317
1419.823047,0.039343,0.040386,0.974166
1419.824219,0.038741,0.040345,0.960239
1419.825391,0.038456,0.040358,0.952887
1419.826562,0.038886,0.040414,0.962209
1419.827734,0.039097,0.040500,0.965347
1419.828906,0.039050,0.040564,0.962694
1419.830078,0.038917,0.040578,0.959073
1419.831250,0.039098,0.040562,0.963900
1419.832422,0.039132,0.040585,0.964200
1419.833594,0.038854,0.040484,0.959739
1419.834766,0.038461,0.040480,0.950133
1419.835938,0.038438,0.040615,0.946403
1419.837109,0.038416,0.040708,0.943692
1419.838281,0.038526,0.040769,0.944986
1419.839453,0.039101,0.040816,0.957980
1419.840625,0.039067,0.040836,0.956685
1419.841797,0.038865,0.040740,0.953991
1419.842969,0.038983,0.040750,0.956640
1419.844141,0.038998,0.040762,0.956712
1419.845312,0.038541,0.040730,0.946250
1419.846484,0.038716,0.040779,0.949428
1419.847656,0.039382,0.040823,0.964702
1419.848828,0.039179,0.040825,0.959690
1419.850000,0.038998,0.040825,0.955259
1419.851172,0.039044,0.040908,0.954450
1419.852344,0.038741,0.040945,0.946181
1419.853516,0.038125,0.040907,0.931994
1419.854687,0.038359,0.040892,0.938066
1419.855859,0.038701,0.040863,0.947092
1419.857031,0.038883,0.040920,0.950234
1419.858203,0.039233,0.040961,0.957831
1419.859375,0.039415,0.040913,0.963379
1419.860547,0.039407,0.040869,0.964223
1419.861719,0.038843,0.040970,0.948071
1419.862891,0.038490,0.041025,0.938212
1419.864063,0.039146,0.041093,0.952624
1419.865234,0.039814,0.041087,0.969028
1419.866406,0.039413,0.041127,0.958317
1419.867578,0.039287,0.041193,0.953733
1419.868750,0.039799,0.041149,0.967195
1419.869922,0.039689,0.041105,0.965550
1419.871094,0.039094,0.041117,0.950812
1419.872266,0.038770,0.041149,0.942198
1419.873437,0.038747,0.041112,0.942463
1419.874609,0.039116,0.041133,0.950960
1419.875781,0.039477,0.041225,0.957600
1419.876953,0.039829,0.041289,0.964643
1419.878125,0.039816,0.041384,0.962116
1419.879297,0.039064,0.041458,0.942275
1419.880469,0.038544,0.041382,0.931432
1419.881641,0.038552,0.041271,0.934106
1419.882812,0.039052,0.041254,0.946607
1419.883984,0.039164,0.041223,0.950054
1419.885156,0.039144,0.041267,0.948545
1419.886328,0.039522,0.041249,0.958152
1419.887500,0.039498,0.041272,0.957012
1419.888672,0.039117,0.041339,0.946257
1419.889844,0.039475,0.041315,0.955485
1419.891016,0.039742,0.041337,0.961406
1419.892187,0.039748,0.041356,0.961123
1419.893359,0.039563,0.041321,0.957452
1419.894531,0.039114,0.041228,0.948717
1419.895703,0.039342,0.041187,0.955208
1419.896875,0.039512,0.041237,0.958168
1419.898047,0.039269,0.041276,0.951372
1419.899219,0.039340,0.041364,0.951070
1419.900391,0.039156,0.041472,0.944152
1419.901562,0.039551,0.041498,0.953062
1419.902734,0.039732,0.041465,0.958203
1419.903906,0.039327,0.041367,0.950677
1419.905078,0.039256,0.041383,0.948615
1419.906250,0.039804,0.041412,0.961168
1419.907422,0.040038,0.041408,0.966901
1419.908594,0.039356,0.041447,0.949556
1419.909766,0.039095,0.041416,0.943960
1419.910938,0.039326,0.041466,0.948369
1419.912109,0.039071,0.041622,0.938698
1419.913281,0.039377,0.041727,0.943696
1419.914453,0.039745,0.041716,0.952749
1419.915625,0.039498,0.041634,0.948689
1419.916797,0.039159,0.041540,0.942688
1419.917969,0.039496,0.041486,0.952045
1419.919141,0.040303,0.041513,0.970851
1419.920312,0.040258,0.041494,0.970202
1419.921484,0.039823,0.041488,0.959863
1419.922656,0.039495,0.041632,0.948666
1419.923828,0.039855,0.041667,0.956510
1419.925000,0.039901,0.041527,0.960841
1419.926172,0.039695,0.041611,0.953937
1419.927344,0.039222,0.041807,0.938167
1419.928516,0.039520,0.041779,0.945938
1419.929688,0.040059,0.041664,0.961492
1419.930859,0.040378,0.041692,0.968474
1419.932031,0.039973,0.041738,0.957729
1419.933203,0.040192,0.041550,0.967329
1419.934375,0.040413,0.041548,0.972692
1419.935547,0.040496,0.041678,0.971638
1419.936719,0.040560,0.041623,0.974470
1419.937891,0.039822,0.041661,0.955867
1419.939062,0.039175,0.041792,0.937377
1419.940234,0.039433,0.041830,0.942692
1419.941406,0.039486,0.041707,0.946753
1419.942578,0.039543,0.041667,0.949037
1419.943750,0.039420,0.041831,0.942362
1419.944922,0.039608,0.041901,0.945277
1419.946094,0.039636,0.041743,0.949510
1419.947266,0.039624,0.041710,0.949984
1419.948437,0.039490,0.041680,0.947441
1419.949609,0.039777,0.041575,0.956749
1419.950781,0.039951,0.041639,0.959475
1419.951953,0.040046,0.041675,0.960911
1419.953125,0.040354,0.041589,0.970297
1419.954297,0.040228,0.041591,0.967229
1419.955469,0.040217,0.041766,0.962911
1419.956641,0.040100,0.041826,0.958739
1419.957813,0.040008,0.041793,0.957286
1419.958984,0.039930,0.041818,0.954844
1419.960156,0.039623,0.041761,0.948813
1419.961328,0.040041,0.041701,0.960176
1419.962500,0.040095,0.041714,0.961178
1419.963672,0.039593,0.041703,0.949401
1419.964844,0.039955,0.041758,0.956825
1419.966016,0.040091,0.041856,0.957818
1419.967187,0.040177,0.041888,0.959170
1419.968359,0.040567,0.041918,0.967766
1419.969531,0.040790,0.041839,0.974944
1419.970703,0.040252,0.041814,0.962660
1419.971875,0.039771,0.041947,0.948127
1419.973047,0.039939,0.041967,0.951665
1419.974219,0.039702,0.041841,0.948882
1419.975391,0.039410,0.041884,0.940933
1419.976562,0.040048,0.041886,0.956131
1419.977734,0.040548,0.041770,0.970735
1419.978906,0.040596,0.041789,0.971464
1419.980078,0.040337,0.041902,0.962663
1419.981250,0.040150,0.041990,0.956159
1419.982422,0.040537,0.042004,0.965054
1419.983594,0.040431,0.041905,0.964811
1419.984766,0.039895,0.041888,0.952407
1419.985937,0.039860,0.041866,0.952097
1419.987109,0.040298,0.041737,0.965513
1419.988281,0.040251,0.041764,0.963761
1419.989453,0.039808,0.041915,0.949727
1419.990625,0.040079,0.041854,0.957584
1419.991797,0.039949,0.041830,0.955028
1419.992969,0.039945,0.041764,0.956466
1419.994141,0.040378,0.041703,0.968226
1419.995312,0.040616,0.041756,0.972679
1419.996484,0.039926,0.041766,0.955958
1419.997656,0.039742,0.041703,0.952982
1419.998828,0.039850,0.041869,0.951771
1420.000000,0.039891,0.042171,0.945926
1420.001172,0.039696,0.041942,0.946438
1420.002344,0.039468,0.041646,0.947689
1420.003516,0.040014,0.041593,0.962037
1420.004688,0.040234,0.041687,0.965130
1420.005859,0.040564,0.041804,0.970347
1420.007031,0.040900,0.041839,0.977559
1420.008203,0.040519,0.041835,0.968548
1420.009375,0.040074,0.041734,0.960227
1420.010547,0.039797,0.041583,0.957035
1420.011719,0.039991,0.041595,0.961436
1420.012891,0.039834,0.041644,0.956521
1420.014062,0.039722,0.041625,0.954287
1420.015234,0.039852,0.041698,0.955749
1420.016406,0.040032,0.041709,0.959780
1420.017578,0.040340,0.041719,0.966929
1420.018750,0.040512,0.041714,0.971193
1420.019922,0.040798,0.041748,0.977236
1420.021094,0.040431,0.041836,0.966411
1420.022266,0.039830,0.041742,0.954183
1420.023438,0.039571,0.041733,0.948200
1420.024609,0.039199,0.041818,0.937378
1420.025781,0.038949,0.041837,0.930959
1420.026953,0.039036,0.041789,0.934138
1420.028125,0.039627,0.041629,0.951903
1420.029297,0.040236,0.041584,0.967572
1420.030469,0.040146,0.041557,0.966028
1420.031641,0.039720,0.041425,0.958852
1420.032812,0.039466,0.041316,0.955228
1420.033984,0.039564,0.041339,0.957054
1420.035156,0.039688,0.041473,0.956963
1420.036328,0.040045,0.041505,0.964802
1420.037500,0.040750,0.041449,0.983129
1420.038672,0.040386,0.041455,0.974197
1420.039844,0.040071,0.041553,0.964316
1420.041016,0.039720,0.041619,0.954370
1420.042187,0.038987,0.041513,0.939161
1420.043359,0.039027,0.041449,0.941551
1420.044531,0.039348,0.041571,0.946540
1420.045703,0.039181,0.041549,0.943007
1420.046875,0.038733,0.041421,0.935099
1420.048047,0.039093,0.041295,0.946666
1420.049219,0.039130,0.041288,0.947720
1420.050391,0.038855,0.041273,0.941411
1420.051563,0.038965,0.041261,0.944352
1420.052734,0.039222,0.041336,0.948863
1420.053906,0.039289,0.041307,0.951148
1420.055078,0.039224,0.041253,0.950814
1420.056250,0.039376,0.041262,0.954287
1420.057422,0.039679,0.041224,0.962521
1420.058594,0.039657,0.041178,0.963057
1420.059766,0.039132,0.041125,0.951531
1420.060937,0.039097,0.041051,0.952399
1420.062109,0.039277,0.041103,0.955569
1420.063281,0.039214,0.041256,0.950495
1420.064453,0.039313,0.041209,0.953988
1420.065625,0.039303,0.041068,0.957021
1420.066797,0.039187,0.041042,0.954803
1420.067969,0.039311,0.041082,0.956891
1420.069141,0.039612,0.041070,0.964492
1420.070312,0.039658,0.041087,0.965220
1420.071484,0.039782,0.041152,0.966703
1420.072656,0.039933,0.041155,0.970316
1420.073828,0.040116,0.041042,0.977430
1420.075000,0.040001,0.041058,0.974244
1420.076172,0.039700,0.041044,0.967262
1420.077344,0.039370,0.040974,0.960860
1420.078516,0.038514,0.040854,0.942716
1420.079687,0.038049,0.040720,0.934413
1420.080859,0.038580,0.040788,0.945870
1420.082031,0.038868,0.040913,0.950027
1420.083203,0.039065,0.040906,0.955001
1420.084375,0.039139,0.040815,0.958943
1420.085547,0.039224,0.040798,0.961427
1420.086719,0.038949,0.040868,0.953052
1420.087891,0.038254,0.040881,0.935738
1420.089062,0.038413,0.040846,0.940450
1420.090234,0.038994,0.040697,0.958167
1420.091406,0.039046,0.040635,0.960899
1420.092578,0.038601,0.040709,0.948230
1420.093750,0.038670,0.040728,0.949477
1420.094922,0.039170,0.040621,0.964263
1420.096094,0.039087,0.040486,0.965426
1420.097266,0.039392,0.040443,0.974028
1420.098438,0.039365,0.040490,0.972213
1420.099609,0.038613,0.040501,0.953369
1420.100781,0.038232,0.040563,0.942534
1420.101953,0.038456,0.040534,0.948742
1420.103125,0.039624,0.040494,0.978519
1420.104297,0.039620,0.040480,0.978749
1420.105469,0.038416,0.040432,0.950135
1420.106641,0.037775,0.040450,0.933886
1420.107812,0.037987,0.040461,0.938852
1420.108984,0.038578,0.040537,0.951672
1420.110156,0.038866,0.040529,0.958970
1420.111328,0.038696,0.040383,0.958210
1420.112500,0.038578,0.040384,0.955293
1420.113672,0.038751,0.040432,0.958427
1420.114844,0.038431,0.040430,0.950556
1420.116016,0.038648,0.040325,0.958404
1420.117188,0.039299,0.040209,0.977347
1420.118359,0.038904,0.040167,0.968557
1420.119531,0.038603,0.040139,0.961729
1420.120703,0.038630,0.040146,0.962230
1420.121875,0.038693,0.040125,0.964310
1420.123047,0.038703,0.040155,0.963853
1420.124219,0.038627,0.040204,0.960776
1420.125391,0.038223,0.040242,0.949817
1420.126562,0.038309,0.040213,0.952657
1420.127734,0.038075,0.040153,0.948245
1420.128906,0.037806,0.040074,0.943396
1420.130078,0.037663,0.039904,0.943847
1420.131250,0.037358,0.039860,0.937221
1420.132422,0.037511,0.039964,0.938621
1420.133594,0.037790,0.039985,0.945112
1420.134766,0.038070,0.039944,0.953087
1420.135937,0.037761,0.039881,0.946840
1420.137109,0.037564,0.039840,0.942889
1420.138281,0.038061,0.039829,0.955611
1420.139453,0.038207,0.039868,0.958348
1420.140625,0.038029,0.039841,0.954525
1420.141797,0.037804,0.039811,0.949578
1420.142969,0.037686,0.039839,0.945958
1420.144141,0.037960,0.039822,0.953233
1420.145313,0.037979,0.039747,0.955523
1420.146484,0.037894,0.039628,0.956245
1420.147656,0.037678,0.039561,0.952408
1420.148828,0.037576,0.039608,0.948701
1420.150000,0.037718,0.039666,0.950895
1420.151172,0.037593,0.039533,0.950907
1420.152344,0.037625,0.039388,0.955244
1420.153516,0.037395,0.039450,0.947911
1420.154687,0.036834,0.039457,0.933501
1420.155859,0.037089,0.039390,0.941571
1420.157031,0.037271,0.039426,0.945358
1420.158203,0.037684,0.039452,0.955182
1420.159375,0.038130,0.039418,0.967324
1420.160547,0.037843,0.039331,0.962157
1420.161719,0.037180,0.039260,0.947006
1420.162891,0.037632,0.039220,0.959516
1420.164062,0.038354,0.039202,0.978368
1420.165234,0.038119,0.039163,0.973350
1420.166406,0.037662,0.039270,0.959037
1420.167578,0.037555,0.039271,0.956307
1420.168750,0.037551,0.039193,0.958098
1420.169922,0.037032,0.039142,0.946090
1420.171094,0.036742,0.039088,0.939994
1420.172266,0.037197,0.039105,0.951215
1420.173437,0.037295,0.039120,0.953337
1420.174609,0.036810,0.039021,0.943339
1420.175781,0.036826,0.039024,0.943671
1420.176953,0.036772,0.039102,0.940413
1420.178125,0.036401,0.039111,0.930711
1420.179297,0.036838,0.039037,0.943668
1420.180469,0.036977,0.038892,0.950747
1420.181641,0.036722,0.038788,0.946712
1420.182812,0.036540,0.038862,0.940239
1420.183984,0.036738,0.038863,0.945322
1420.185156,0.037099,0.038748,0.957437
1420.186328,0.037110,0.038752,0.957618
1420.187500,0.037176,0.038774,0.958780
1420.188672,0.036772,0.038759,0.948724
1420.189844,0.036666,0.038669,0.948211
1420.191016,0.036920,0.038588,0.956759
1420.192188,0.036938,0.038642,0.955898
1420.193359,0.037235,0.038652,0.963340
1420.194531,0.037127,0.038601,0.961817
1420.195703,0.036971,0.038522,0.959745
1420.196875,0.036478,0.038468,0.948284
1420.198047,0.036291,0.038602,0.940154
1420.199219,0.036695,0.038771,0.946447
1420.200391,0.036900,0.038894,0.948724
1420.201562,0.037244,0.038828,0.959193
1420.202734,0.037362,0.038687,0.965749
1420.203906,0.037070,0.038496,0.962937
1420.205078,0.036827,0.038342,0.960488
1420.206250,0.036453,0.038313,0.951463
1420.207422,0.036420,0.038364,0.949325
1420.208594,0.036561,0.038355,0.953215
1420.209766,0.036257,0.038243,0.948058
1420.210938,0.036058,0.038199,0.943938
1420.212109,0.035944,0.038163,0.941837
1420.213281,0.036441,0.038191,0.954178
1420.214453,0.036743,0.038227,0.961190
1420.215625,0.036513,0.038184,0.956250
1420.216797,0.036436,0.038171,0.954568
1420.217969,0.036155,0.038093,0.949125
1420.219141,0.036533,0.038076,0.959468
1420.220312,0.036814,0.038114,0.965879
1420.221484,0.036670,0.038085,0.962841
1420.222656,0.036426,0.038049,0.957362
1420.223828,0.036129,0.038035,0.949889
1420.225000,0.035793,0.037978,0.942457
1420.226172,0.035857,0.037906,0.945963
1420.227344,0.036373,0.037798,0.962299
1420.228516,0.036585,0.037768,0.968664
1420.229687,0.036683,0.037861,0.968903
1420.230859,0.036587,0.037884,0.965761
1420.232031,0.036379,0.037787,0.962732
1420.233203,0.036346,0.037696,0.964194
1420.234375,0.036295,0.037635,0.964380
1420.235547,0.035821,0.037612,0.952392
1420.236719,0.035721,0.037694,0.947659
1420.237891,0.036027,0.037688,0.955931
1420.239063,0.036175,0.037572,0.962815
1420.240234,0.035843,0.037515,0.955445
1420.241406,0.035656,0.037629,0.947564
1420.242578,0.036213,0.037755,0.959154
1420.243750,0.036506,0.037715,0.967952
1420.244922,0.036181,0.037623,0.961668
1420.246094,0.035959,0.037564,0.957296
1420.247266,0.035604,0.037460,0.950459
1420.248437,0.035617,0.037321,0.954345
1420.249609,0.036118,0.037267,0.969165
1420.250781,0.036121,0.037237,0.970039
1420.251953,0.035840,0.037268,0.961666
1420.253125,0.036026,0.037243,0.967318
1420.254297,0.036328,0.037214,0.976178
1420.255469,0.036179,0.037214,0.972193
1420.256641,0.035617,0.037189,0.957735
1420.257812,0.035677,0.037181,0.959534
1420.258984,0.036050,0.037213,0.968746
1420.260156,0.035943,0.037204,0.966112
1420.261328,0.035564,0.037185,0.956415
1420.262500,0.035656,0.037086,0.961451
1420.263672,0.035622,0.037037,0.961788
1420.264844,0.035180,0.037099,0.948275
1420.266016,0.034909,0.037130,0.940177
1420.267187,0.034885,0.037050,0.941566
1420.268359,0.034682,0.036988,0.937653
1420.269531,0.035006,0.036971,0.946863
1420.270703,0.035073,0.036974,0.948597
1420.271875,0.034716,0.036997,0.938327
1420.273047,0.034831,0.037055,0.939991
1420.274219,0.035018,0.036991,0.946670
1420.275391,0.035212,0.036798,0.956894
1420.276562,0.035399,0.036714,0.964186
1420.277734,0.035399,0.036732,0.963695
1420.278906,0.035272,0.036750,0.959786
1420.280078,0.035074,0.036749,0.954408
1420.281250,0.035527,0.036785,0.965814
1420.282422,0.035765,0.036793,0.972057
1420.283594,0.035602,0.036773,0.968143
1420.284766,0.035683,0.036702,0.972223
1420.285938,0.035149,0.036620,0.959845
1420.287109,0.034716,0.036608,0.948337
1420.288281,0.034604,0.036553,0.946678
1420.289453,0.035130,0.036479,0.963035
1420.290625,0.035229,0.036465,0.966122
1420.291797,0.035367,0.036555,0.967496
1420.292969,0.035189,0.036587,0.961796
1420.294141,0.035355,0.036548,0.967348
1420.295312,0.035527,0.036559,0.971787
1420.296484,0.035353,0.036487,0.968904
1420.297656,0.035065,0.036412,0.963008
1420.298828,0.035017,0.036446,0.960788
1420.300000,0.035221,0.036468,0.965829
1420.301172,0.035096,0.036372,0.964900
1420.302344,0.034427,0.036295,0.948531
1420.303516,0.033884,0.036362,0.931870
1420.304688,0.033989,0.036403,0.933699
1420.305859,0.034313,0.036343,0.944152
1420.307031,0.034641,0.036285,0.954676
1420.308203,0.034580,0.036318,0.952148
1420.309375,0.034821,0.036270,0.960048
1420.310547,0.035013,0.036250,0.965874
1420.311719,0.034852,0.036284,0.960538
1420.312891,0.034722,0.036198,0.959238
1420.314062,0.034202,0.036152,0.946050
1420.315234,0.033983,0.036210,0.938483
1420.316406,0.033980,0.036146,0.940063
1420.317578,0.034313,0.036049,0.951838
1420.318750,0.034382,0.036017,0.954613
1420.319922,0.034346,0.036028,0.953294
1420.321094,0.034372,0.036125,0.951459
1420.322266,0.034462,0.036119,0.954120
1420.323437,0.034589,0.036110,0.957885
1420.324609,0.034578,0.036080,0.958351
1420.325781,0.034524,0.036030,0.958192
1420.326953,0.034278,0.036097,0.949601
1420.328125,0.034264,0.036062,0.950143
1420.329297,0.034352,0.036022,0.953638
1420.330469,0.034201,0.036059,0.948478
1420.331641,0.034058,0.036058,0.944546
1420.332813,0.034373,0.035975,0.955469
1420.333984,0.034544,0.035906,0.962077
1420.335156,0.034574,0.035898,0.963106
1420.336328,0.034687,0.035926,0.965518
1420.337500,0.034629,0.035943,0.963457
1420.338672,0.034359,0.035993,0.954610
1420.339844,0.033968,0.035917,0.945717
1420.341016,0.033975,0.035875,0.947033
1420.342187,0.034395,0.035875,0.958761
1420.343359,0.034719,0.035859,0.968209
1420.344531,0.034978,0.035759,0.978177
1420.345703,0.034964,0.035768,0.977528
1420.346875,0.034667,0.035829,0.967584
1420.348047,0.034236,0.035798,0.956341
1420.349219,0.033772,0.035755,0.944533
1420.350391,0.033786,0.035780,0.944278
1420.351562,0.033900,0.035828,0.946192
1420.352734,0.033958,0.035869,0.946723
1420.353906,0.033816,0.035718,0.946756
1420.355078,0.033766,0.035692,0.946048
1420.356250,0.033970,0.035776,0.949520
1420.357422,0.033962,0.035732,0.950464
1420.358594,0.034169,0.035629,0.959017
1420.359766,0.034264,0.035617,0.962031
1420.360937,0.034202,0.035626,0.960048
1420.362109,0.034619,0.035661,0.970783
1420.363281,0.034677,0.035677,0.971948
1420.364453,0.034588,0.035688,0.969168
1420.365625,0.034332,0.035661,0.962742
1420.366797,0.034226,0.035642,0.960268
1420.367969,0.034350,0.035610,0.964612
1420.369141,0.034260,0.035551,0.963708
1420.370312,0.034028,0.035592,0.956056
1420.371484,0.033778,0.035631,0.948005
1420.372656,0.033974,0.035545,0.955814
1420.373828,0.033726,0.035400,0.952721
1420.375000,0.033177,0.035387,0.937568
1420.376172,0.032823,0.035534,0.923723
1420.377344,0.033421,0.035622,0.938216
1420.378516,0.033962,0.035496,0.956778
1420.379688,0.033794,0.035431,0.953790
1420.380859,0.034130,0.035504,0.961300
1420.382031,0.034520,0.035548,0.971092
1420.383203,0.034530,0.035523,0.972022
1420.384375,0.034191,0.035587,0.960770
1420.385547,0.034337,0.035586,0.964912
1420.386719,0.034393,0.035538,0.967778
1420.387891,0.034299,0.035489,0.966459
1420.389062,0.034493,0.035476,0.972312
1420.390234,0.034505,0.035529,0.971168
1420.391406,0.034447,0.035551,0.968959
1420.392578,0.034276,0.035462,0.966556
1420.393750,0.033997,0.035406,0.960205
1420.394922,0.034212,0.035433,0.965539
1420.396094,0.034145,0.035450,0.963164
1420.397266,0.034450,0.035442,0.972009
1420.398438,0.034310,0.035420,0.968659
1420.399609,0.033851,0.035466,0.954456
1420.400781,0.033817,0.035495,0.952721
1420.401953,0.033929,0.035486,0.956126
1420.403125,0.034367,0.035456,0.969275
1420.404297,0.034289,0.035444,0.967428
1420.405469,0.034107,0.035361,0.964531
1420.406641,0.034164,0.035365,0.966049
1420.407812,0.034103,0.035425,0.962686
1420.408984,0.034170,0.035489,0.962835
1420.410156,0.034369,0.035435,0.969908
1420.411328,0.034299,0.035391,0.969150
1420.412500,0.033862,0.035431,0.955722
1420.413672,0.033664,0.035413,0.950600
1420.414844,0.034028,0.035367,0.962137
1420.416016,0.034342,0.035365,0.971079
1420.417187,0.034128,0.035388,0.964412
1420.418359,0.033828,0.035400,0.955616
1420.419531,0.034007,0.035396,0.960745
1420.420703,0.033980,0.035416,0.959449
1420.421875,0.033451,0.035454,0.943499
1420.423047,0.033395,0.035489,0.941002
1420.424219,0.033700,0.035519,0.948771
1420.425391,0.033762,0.035487,0.951390
1420.426563,0.033803,0.035487,0.952549
1420.427734,0.034177,0.035509,0.962510
1420.428906,0.034231,0.035513,0.963895
1420.430078,0.034070,0.035399,0.962457
1420.431250,0.033665,0.035330,0.952866
1420.432422,0.033616,0.035386,0.949985
1420.433594,0.033820,0.035491,0.952914
1420.434766,0.033846,0.035572,0.951474
1420.435937,0.033866,0.035574,0.951987
1420.437109,0.034206,0.035474,0.964264
1420.438281,0.034000,0.035479,0.958289
1420.439453,0.033419,0.035567,0.939589
1420.440625,0.033173,0.035617,0.931392
1420.441797,0.033323,0.035555,0.937225
1420.442969,0.033612,0.035512,0.946513
1420.444141,0.034176,0.035533,0.961823
1420.445312,0.034381,0.035491,0.968716
1420.446484,0.034181,0.035430,0.964748
1420.447656,0.033880,0.035463,0.955369
1420.448828,0.033705,0.035484,0.949864
1420.450000,0.033737,0.035469,0.951169
1420.451172,0.033442,0.035514,0.941639
1420.452344,0.033911,0.035560,0.953624
1420.453516,0.034226,0.035549,0.962784
1420.454687,0.034221,0.035532,0.963104
1420.455859,0.034133,0.035565,0.959733
1420.457031,0.033825,0.035591,0.950390
1420.458203,0.033801,0.035542,0.951031
1420.459375,0.033417,0.035580,0.939204
1420.460547,0.033578,0.035674,0.941262
1420.461719,0.034317,0.035698,0.961327
1420.462891,0.034507,0.035707,0.966377
1420.464062,0.034241,0.035699,0.959159
1420.465234,0.033796,0.035697,0.946749
1420.466406,0.033606,0.035739,0.940336
1420.467578,0.033885,0.035690,0.949423
1420.468750,0.034086,0.035646,0.956233
1420.469922,0.034387,0.035698,0.963261
1420.471094,0.034273,0.035722,0.959436
1420.472266,0.034098,0.035743,0.953985
1420.473438,0.034106,0.035757,0.953830
1420.474609,0.034137,0.035682,0.956694
1420.475781,0.034303,0.035675,0.961542
1420.476953,0.034844,0.035712,0.975718
1420.478125,0.034425,0.035712,0.963968
1420.479297,0.033956,0.035781,0.949000
1420.480469,0.033807,0.035821,0.943760
1420.481641,0.033476,0.035893,0.932642
1420.482812,0.033824,0.035875,0.942823
1420.483984,0.034433,0.035819,0.961300
1420.485156,0.034586,0.035868,0.964264
1420.486328,0.033977,0.035956,0.944969
1420.487500,0.034105,0.035953,0.948594
1420.488672,0.034544,0.036010,0.959299
1420.489844,0.034838,0.036062,0.966069
1420.491016,0.035229,0.036080,0.976406
1420.492188,0.035274,0.036048,0.978505
1420.493359,0.034904,0.036070,0.967696
1420.494531,0.034999,0.036123,0.968881
1420.495703,0.035050,0.036065,0.971864
1420.496875,0.034723,0.036031,0.963689
1420.498047,0.034598,0.036119,0.957899
1420.499219,0.034811,0.036178,0.962217
1420.500391,0.034810,0.036167,0.962501
1420.501562,0.034771,0.036117,0.962717
1420.502734,0.034954,0.036142,0.967142
1420.503906,0.034952,0.036211,0.965230
1420.505078,0.033968,0.036238,0.937376
1420.506250,0.033628,0.036227,0.928253
1420.507422,0.034320,0.036274,0.946133
1420.508594,0.034722,0.036304,0.956425
1420.509766,0.034879,0.036360,0.959292
1420.510937,0.035186,0.036391,0.966891
1420.512109,0.034944,0.036346,0.961420
1420.513281,0.034557,0.036302,0.951930
1420.514453,0.034318,0.036325,0.944737
1420.515625,0.034695,0.036331,0.954972
1420.516797,0.034863,0.036396,0.957880
1420.517969,0.035090,0.036420,0.963484
1420.519141,0.035136,0.036443,0.964120
1420.520313,0.034881,0.036580,0.953549
1420.521484,0.034609,0.036615,0.945211
1420.522656,0.034405,0.036493,0.942784
1420.523828,0.034588,0.036468,0.948439
1420.525000,0.034937,0.036535,0.956277
1420.526172,0.035248,0.036601,0.963045
1420.527344,0.035323,0.036655,0.963672
1420.528516,0.035359,0.036786,0.961216
1420.529687,0.035137,0.036842,0.953735
1420.530859,0.034979,0.036748,0.951854
1420.532031,0.035088,0.036708,0.955854
1420.533203,0.034945,0.036698,0.952245
1420.534375,0.034411,0.036715,0.937231
1420.535547,0.034508,0.036845,0.936564
1420.536719,0.034411,0.036804,0.934978
1420.537891,0.034373,0.036786,0.934413
1420.539062,0.035209,0.036892,0.954362
1420.540234,0.035828,0.036986,0.968696
1420.541406,0.035570,0.036925,0.963299
1420.542578,0.035779,0.036861,0.970642
1420.543750,0.036234,0.036994,0.979446
1420.544922,0.035973,0.037058,0.970738
1420.546094,0.035503,0.037078,0.957520
1420.547266,0.035211,0.037095,0.949207
1420.548437,0.035351,0.037053,0.954046
1420.549609,0.035604,0.037006,0.962106
1420.550781,0.035326,0.037065,0.953082
1420.551953,0.035389,0.037134,0.953017
1420.553125,0.035330,0.037116,0.951884
1420.554297,0.035720,0.037174,0.960895
1420.555469,0.036108,0.037223,0.970052
1420.556641,0.035687,0.037181,0.959814
1420.557812,0.035249,0.037191,0.947781
1420.558984,0.035347,0.037187,0.950518
1420.560156,0.035713,0.037248,0.958780
1420.561328,0.036131,0.037265,0.969570
1420.562500,0.035934,0.037238,0.964998
1420.563672,0.035483,0.037303,0.951200
1420.564844,0.035487,0.037315,0.951003
1420.566016,0.035182,0.037267,0.944040
1420.567188,0.035184,0.037184,0.946211
1420.568359,0.035229,0.037170,0.947771
1420.569531,0.035608,0.037272,0.955355
1420.570703,0.036043,0.037331,0.965510
1420.571875,0.036063,0.037390,0.964507
1420.573047,0.036025,0.037375,0.963869
1420.574219,0.036116,0.037393,0.965845
1420.575391,0.036279,0.037406,0.969882
1420.576562,0.036233,0.037453,0.967427
1420.577734,0.035810,0.037406,0.957329
1420.578906,0.035906,0.037353,0.961255
1420.580078,0.035960,0.037399,0.961530
1420.581250,0.036103,0.037480,0.963265
1420.582422,0.036355,0.037534,0.968586
1420.583594,0.036169,0.037567,0.962787
1420.584766,0.035980,0.037647,0.955709
1420.585938,0.036058,0.037677,0.957031
1420.587109,0.035984,0.037665,0.955362
1420.588281,0.035895,0.037576,0.955273
1420.589453,0.035712,0.037548,0.951109
1420.590625,0.035802,0.037565,0.953046
1420.591797,0.036049,0.037524,0.960698
1420.592969,0.036294,0.037621,0.964723
1420.594141,0.035896,0.037709,0.951918
1420.595312,0.036101,0.037584,0.960531
1420.596484,0.036617,0.037552,0.975109
1420.597656,0.036278,0.037701,0.962259
1420.598828,0.035799,0.037751,0.948297
1420.600000,0.035397,0.037750,0.937677
1420.601172,0.035500,0.037735,0.940756
1420.602344,0.036011,0.037726,0.954520
1420.603516,0.036701,0.037702,0.973459
1420.604687,0.036316,0.037746,0.962119
1420.605859,0.035439,0.037870,0.935825
1420.607031,0.035474,0.037876,0.936576
1420.608203,0.035730,0.037845,0.944117
1420.609375,0.036055,0.037864,0.952225
1420.610547,0.036097,0.037822,0.954374
1420.611719,0.036361,0.037804,0.961852
1420.612891,0.036533,0.037875,0.964563
1420.614063,0.036226,0.037994,0.953465
1420.615234,0.036041,0.038050,0.947197
1420.616406,0.036146,0.038082,0.949171
1420.617578,0.036259,0.038065,0.952543
1420.618750,0.036496,0.038022,0.959868
1420.619922,0.036663,0.038071,0.963015
1420.621094,0.036289,0.038124,0.951859
1420.622266,0.036019,0.038169,0.943658
1420.623437,0.036427,0.038147,0.954916
1420.624609,0.036990,0.038144,0.969728
1420.625781,0.036714,0.038156,0.962225
1420.626953,0.035809,0.038183,0.937833
1420.628125,0.036063,0.038222,0.943505
1420.629297,0.036464,0.038292,0.952275
1420.630469,0.036402,0.038275,0.951063
1420.631641,0.036405,0.038247,0.951840
1420.632812,0.036548,0.038240,0.955762
1420.633984,0.036519,0.038260,0.954477
1420.635156,0.036677,0.038358,0.956173
1420.636328,0.036594,0.038382,0.953418
1420.637500,0.037034,0.038369,0.965213
1420.638672,0.037397,0.038310,0.976168
1420.639844,0.037151,0.038219,0.972060
1420.641016,0.037062,0.038231,0.969424
1420.642187,0.037187,0.038338,0.969962
1420.643359,0.037102,0.038446,0.965041
1420.644531,0.037240,0.038458,0.968344
1420.645703,0.037100,0.038455,0.964772
1420.646875,0.036495,0.038491,0.948150
1420.648047,0.036420,0.038448,0.947259
1420.649219,0.036687,0.038460,0.953886
1420.650391,0.036803,0.038474,0.956578
1420.651562,0.036785,0.038428,0.957232
1420.652734,0.036983,0.038429,0.962389
1420.653906,0.037334,0.038458,0.970766
1420.655078,0.037536,0.038466,0.975830
1420.656250,0.037355,0.038561,0.968713
1420.657422,0.036979,0.038540,0.959486
1420.658594,0.037068,0.038492,0.963004
1420.659766,0.037254,0.038442,0.969081
1420.660938,0.037158,0.038430,0.966907
1420.662109,0.037282,0.038573,0.966534
1420.663281,0.037182,0.038640,0.962276
1420.664453,0.037069,0.038689,0.958118
1420.665625,0.037526,0.038766,0.968013
1420.666797,0.037441,0.038782,0.965409
1420.667969,0.037315,0.038797,0.961818
1420.669141,0.037552,0.038837,0.966914
1420.670312,0.037136,0.038857,0.955724
1420.671484,0.037370,0.038798,0.963200
1420.672656,0.037558,0.038715,0.970119
1420.673828,0.037720,0.038716,0.974271
1420.675000,0.037633,0.038830,0.969179
1420.676172,0.037904,0.038817,0.976467
1420.677344,0.037607,0.038874,0.967408
1420.678516,0.037036,0.038918,0.951629
1420.679688,0.037050,0.038869,0.953221
1420.680859,0.036989,0.039009,0.948215
1420.682031,0.036508,0.039006,0.935960
1420.683203,0.036909,0.038948,0.947635
1420.684375,0.037847,0.038921,0.972405
1420.685547,0.037453,0.038931,0.962034
1420.686719,0.037019,0.038980,0.949675
1420.687891,0.037394,0.039018,0.958367
1420.689062,0.037504,0.038981,0.962111
1420.690234,0.037651,0.038894,0.968040
1420.691406,0.037792,0.039012,0.968714
1420.692578,0.038151,0.039102,0.975684
1420.693750,0.038203,0.039006,0.979404
1420.694922,0.037783,0.038971,0.969497
1420.696094,0.037318,0.038982,0.957314
1420.697266,0.037109,0.038973,0.952166
1420.698437,0.037088,0.038974,0.951595
1420.699609,0.036777,0.039021,0.942487
1420.700781,0.036993,0.039141,0.945123
1420.701953,0.037610,0.039180,0.959911
1420.703125,0.037803,0.039057,0.967889
1420.704297,0.038202,0.039018,0.979104
1420.705469,0.037882,0.039013,0.971002
1420.706641,0.037650,0.039054,0.964046
1420.707813,0.037404,0.039133,0.955815
1420.708984,0.037202,0.039099,0.951490
1420.710156,0.037728,0.039032,0.966586
1420.711328,0.037881,0.038934,0.972961
1420.712500,0.037888,0.039006,0.971330
1420.713672,0.037854,0.039145,0.967017
1420.714844,0.037490,0.039131,0.958080
1420.716016,0.037635,0.039056,0.963624
1420.717187,0.037835,0.039132,0.966858
1420.718359,0.037794,0.039197,0.964192
1420.719531,0.037341,0.039094,0.955162
1420.720703,0.037077,0.039030,0.949967
1420.721875,0.037189,0.038988,0.953865
1420.723047,0.036949,0.038945,0.948743
1420.724219,0.037343,0.039017,0.957100
1420.725391,0.037587,0.039098,0.961360
1420.726562,0.037315,0.039148,0.953177
1420.727734,0.037284,0.039075,0.954153
1420.728906,0.037258,0.039017,0.954916
1420.730078,0.037322,0.039013,0.956656
1420.731250,0.037513,0.038940,0.963366
1420.732422,0.037677,0.038955,0.967192
1420.733594,0.037515,0.038983,0.962346
1420.734766,0.037347,0.039044,0.956531
1420.735937,0.037660,0.039072,0.963847
1420.737109,0.037642,0.039009,0.964977
1420.738281,0.037720,0.039023,0.966626
1420.739453,0.037988,0.039059,0.972585
1420.740625,0.037770,0.038968,0.969257
1420.741797,0.037506,0.038937,0.963249
1420.742969,0.037632,0.039001,0.964897
1420.744141,0.037494,0.039120,0.958440
1420.745312,0.037608,0.039102,0.961781
1420.746484,0.037321,0.039067,0.955310
1420.747656,0.037520,0.039086,0.959913
1420.748828,0.037622,0.039038,0.963730
1420.750000,0.037295,0.038970,0.957015
1420.751172,0.037055,0.038952,0.951317
1420.752344,0.037162,0.038946,0.954206
1420.753516,0.037505,0.039005,0.961541
1420.754688,0.037841,0.039081,0.968268
1420.755859,0.037919,0.039046,0.971151
1420.757031,0.037578,0.039006,0.963391
1420.758203,0.037383,0.039006,0.958382
1420.759375,0.037839,0.038987,0.970544
1420.760547,0.037598,0.038927,0.965859
1420.761719,0.037851,0.038910,0.972775
1420.762891,0.038041,0.038860,0.978935
1420.764062,0.037430,0.038811,0.964420
1420.765234,0.037123,0.038836,0.955890
1420.766406,0.037369,0.038826,0.962471
1420.767578,0.037460,0.038916,0.962584
1420.768750,0.037719,0.038880,0.970132
1420.769922,0.037177,0.038792,0.958366
1420.771094,0.037053,0.038745,0.956340
1420.772266,0.037301,0.038735,0.962994
1420.773438,0.037224,0.038720,0.961359
1420.774609,0.037650,0.038661,0.973850
1420.775781,0.038056,0.038666,0.984217
1420.776953,0.038081,0.038720,0.983515
1420.778125,0.037589,0.038581,0.974276
1420.779297,0.036887,0.038502,0.958056
1420.780469,0.037083,0.038566,0.961553
1420.781641,0.037539,0.038557,0.973604
1420.782812,0.037254,0.038471,0.968362
1420.783984,0.037019,0.038460,0.962515
1420.785156,0.037220,0.038480,0.967262
1420.786328,0.037172,0.038484,0.965891
1420.787500,0.037085,0.038512,0.962933
1420.788672,0.037232,0.038492,0.967269
1420.789844,0.037238,0.038397,0.969813
1420.791016,0.037192,0.038422,0.967982
1420.792187,0.036793,0.038419,0.957674
1420.793359,0.036150,0.038334,0.943027
1420.794531,0.035866,0.038344,0.935374
1420.795703,0.036536,0.038280,0.954428
1420.796875,0.036861,0.038228,0.964228
1420.798047,0.037598,0.038287,0.981991
1420.799219,0.039677,0.038468,1.031430
1420.800391,0.041072,0.038662,1.062331
1420.801563,0.038206,0.038347,0.996307
1420.802734,0.036346,0.038173,0.952130
1420.803906,0.036381,0.038087,0.955227
1420.805078,0.036620,0.037986,0.964033
1420.806250,0.037065,0.037963,0.976345
1420.807422,0.037370,0.037922,0.985455
1420.808594,0.036689,0.037975,0.966139
1420.809766,0.035823,0.038071,0.940956
1420.810937,0.036520,0.037979,0.961604
1420.812109,0.037188,0.037900,0.981196
1420.813281,0.036614,0.037879,0.966608
1420.814453,0.036477,0.037860,0.963471
1420.815625,0.036845,0.037950,0.970899
1420.816797,0.036600,0.037850,0.966985
1420.817969,0.036456,0.037678,0.967567
1420.819141,0.036530,0.037664,0.969917
1420.820312,0.036079,0.037658,0.958057
1420.821484,0.035830,0.037575,0.953560
1420.822656,0.036240,0.037539,0.965390
1420.823828,0.036636,0.037497,0.977051
1420.825000,0.036502,0.037506,0.973251
1420.826172,0.036085,0.037510,0.962003
1420.827344,0.035764,0.037385,0.956638
1420.828516,0.035677,0.037299,0.956532
1420.829687,0.035715,0.037335,0.956592
1420.830859,0.035923,0.037391,0.960735
1420.832031,0.036124,0.037260,0.969501
1420.833203,0.036127,0.037007,0.976217
1420.834375,0.035829,0.036916,0.970559
1420.835547,0.035698,0.036976,0.965428
1420.836719,0.035891,0.036979,0.970592
1420.837891,0.035848,0.036954,0.970083
1420.839062,0.036060,0.036974,0.975285
1420.840234,0.036035,0.036988,0.974235
1420.841406,0.035559,0.036907,0.963475
1420.842578,0.035438,0.036867,0.961259
1420.843750,0.035825,0.036867,0.971732
1420.844922,0.035925,0.036844,0.975054
1420.846094,0.035469,0.036768,0.964680
1420.847266,0.035459,0.036655,0.967384
1420.848438,0.035443,0.036613,0.968043
1420.849609,0.035188,0.036564,0.962369
1420.850781,0.035048,0.036488,0.960537
1420.851953,0.035094,0.036456,0.962638
1420.853125,0.035041,0.036431,0.961844
1420.854297,0.035091,0.036355,0.965235
1420.855469,0.035168,0.036311,0.968517
1420.856641,0.034931,0.036223,0.964356
1420.857812,0.034595,0.036157,0.956789
1420.858984,0.034393,0.036164,0.951031
1420.860156,0.034794,0.036134,0.962934
1420.861328,0.034867,0.036127,0.965134
1420.862500,0.034657,0.036174,0.958055
1420.863672,0.034551,0.036125,0.956418
1420.864844,0.034856,0.035970,0.969030
1420.866016,0.034972,0.035903,0.974043
1420.867188,0.034746,0.035809,0.970326
1420.868359,0.034345,0.035737,0.961035
1420.869531,0.034085,0.035755,0.953306
1420.870703,0.034525,0.035734,0.966176
1420.871875,0.034329,0.035708,0.961381
1420.873047,0.033972,0.035587,0.954608
1420.874219,0.033749,0.035447,0.952114
1420.875391,0.033350,0.035363,0.943069
1420.876562,0.033349,0.035226,0.946719
1420.877734,0.033285,0.035131,0.947458
1420.878906,0.033417,0.035141,0.950931
1420.880078,0.033749,0.035135,0.960542
1420.881250,0.033608,0.035081,0.957993
1420.882422,0.033345,0.035024,0.952053
1420.883594,0.033580,0.034981,0.959946
1420.884766,0.034022,0.034943,0.973643
1420.885937,0.033571,0.034843,0.963511
1420.887109,0.033322,0.034703,0.960183
1420.888281,0.033913,0.034710,0.977028
1420.889453,0.034087,0.034680,0.982899
1420.890625,0.033741,0.034588,0.975524
1420.891797,0.033259,0.034614,0.960869
1420.892969,0.033110,0.034590,0.957214
1420.894141,0.033104,0.034406,0.962156
1420.895313,0.032756,0.034256,0.956220
1420.896484,0.032832,0.034221,0.959410
1420.897656,0.033158,0.034186,0.969933
1420.898828,0.032923,0.034092,0.965716
1420.900000,0.032838,0.033999,0.965840
1420.901172,0.033054,0.033869,0.975927
1420.902344,0.033201,0.033749,0.983750
1420.903516,0.033157,0.033700,0.983899
1420.904687,0.033565,0.033616,0.998501
1420.905859,0.033297,0.033582,0.991536
1420.907031,0.032549,0.033592,0.968946
1420.908203,0.032023,0.033480,0.956500
1420.909375,0.031586,0.033370,0.946547
1420.910547,0.031642,0.033335,0.949197
1420.911719,0.031868,0.033314,0.956584
1420.912891,0.032158,0.033226,0.967857
1420.914062,0.032139,0.033106,0.970812
1420.915234,0.031784,0.033096,0.960367
1420.916406,0.031614,0.033025,0.957267
1420.917578,0.031826,0.032856,0.968671
1420.918750,0.031648,0.032808,0.964650
1420.919922,0.031303,0.032768,0.955314
1420.921094,0.031397,0.032713,0.959787
1420.922266,0.031403,0.032654,0.961697
1420.923437,0.031379,0.032590,0.962843
1420.924609,0.031421,0.032492,0.967058
1420.925781,0.030835,0.032368,0.952623
1420.926953,0.030647,0.032332,0.947882
1420.928125,0.030716,0.032306,0.950806
1420.929297,0.031122,0.032181,0.967117
1420.930469,0.031358,0.032008,0.979675
1420.931641,0.031155,0.031937,0.975503
1420.932812,0.031225,0.031936,0.977739
1420.933984,0.031273,0.031773,0.984267
1420.935156,0.030766,0.031714,0.970119
1420.936328,0.030663,0.031743,0.965988
1420.937500,0.030776,0.031702,0.970795
1420.938672,0.030506,0.031546,0.967017
1420.939844,0.030487,0.031463,0.968999
1420.941016,0.030037,0.031413,0.956185
1420.942188,0.029583,0.031321,0.944507
1420.943359,0.029208,0.031229,0.935297
1420.944531,0.029603,0.031133,0.950864
1420.945703,0.029940,0.031038,0.964629
1420.946875,0.029951,0.030891,0.969561
1420.948047,0.030140,0.030788,0.978959
1420.949219,0.029747,0.030726,0.968122
1420.950391,0.029287,0.030629,0.956182
1420.951562,0.029506,0.030542,0.966062
1420.952734,0.029398,0.030530,0.962919
1420.953906,0.029218,0.030581,0.955435
1420.955078,0.029145,0.030532,0.954556
1420.956250,0.028961,0.030338,0.954632
1420.957422,0.028821,0.030182,0.954880
1420.958594,0.028801,0.030112,0.956463
1420.959766,0.029144,0.030015,0.970979
1420.960938,0.029479,0.029862,0.987168
1420.962109,0.029257,0.029783,0.982340
1420.963281,0.028811,0.029780,0.967447
1420.964453,0.028377,0.029625,0.957867
1420.965625,0.028164,0.029499,0.954739
1420.966797,0.028146,0.029490,0.954431
1420.967969,0.028045,0.029459,0.951994
1420.969141,0.028095,0.029387,0.956051
1420.970312,0.028224,0.029270,0.964233
1420.971484,0.028148,0.029193,0.964228
1420.972656,0.028210,0.029088,0.969791
1420.973828,0.028410,0.028951,0.981320
1420.975000,0.028002,0.028866,0.970083
1420.976172,0.028044,0.028776,0.974562
1420.977344,0.028234,0.028666,0.984935
1420.978516,0.027943,0.028601,0.977012
1420.979687,0.027954,0.028577,0.978202
1420.980859,0.027937,0.028512,0.979852
1420.982031,0.027490,0.028387,0.968373
1420.983203,0.026964,0.028275,0.953656
1420.984375,0.026571,0.028197,0.942312
1420.985547,0.026892,0.028011,0.960037
1420.986719,0.027130,0.027900,0.972412
1420.987891,0.026757,0.027886,0.959485
1420.989063,0.026419,0.027822,0.949577
1420.990234,0.026535,0.027701,0.957912
1420.991406,0.026764,0.027599,0.969747
1420.992578,0.026473,0.027487,0.963101
1420.993750,0.026368,0.027406,0.962146
1420.994922,0.026386,0.027285,0.967059
1420.996094,0.026552,0.027108,0.979466
1420.997266,0.026588,0.027031,0.983604
1420.998437,0.026466,0.027014,0.979722
1420.999609,0.026221,0.027006,0.970900
1421.000781,0.026085,0.026957,0.967651
1421.001953,0.025858,0.026785,0.965372
1421.003125,0.025619,0.026627,0.962160
1421.004297,0.025427,0.026557,0.957470
1421.005469,0.025705,0.026540,0.968511
1421.006641,0.025649,0.026533,0.966663
1421.007812,0.025141,0.026426,0.951364
1421.008984,0.025379,0.026310,0.964649
1421.010156,0.025711,0.026199,0.981375
1421.011328,0.025471,0.026126,0.974944
1421.012500,0.025214,0.026044,0.968118
1421.013672,0.024872,0.025931,0.959172
1421.014844,0.024740,0.025813,0.958400
1421.016016,0.024764,0.025717,0.962923
1421.017187,0.024523,0.025634,0.956639
1421.018359,0.024332,0.025580,0.951220
1421.019531,0.024666,0.025491,0.967609
1421.020703,0.024741,0.025382,0.974752
1421.021875,0.024572,0.025281,0.971956
1421.023047,0.024495,0.025236,0.970656
1421.024219,0.024408,0.025177,0.969457
1421.025391,0.024164,0.025052,0.964543
1421.026562,0.023978,0.024952,0.960973
1421.027734,0.023933,0.024885,0.961762
1421.028906,0.023740,0.024811,0.956814
1421.030078,0.023723,0.024736,0.959039
1421.031250,0.023627,0.024612,0.959977
1421.032422,0.023648,0.024485,0.965847
1421.033594,0.023738,0.024356,0.974663
1421.034766,0.023882,0.024260,0.984396
1421.035938,0.023806,0.024226,0.982667
1421.037109,0.023420,0.024218,0.967044
1421.038281,0.023364,0.024173,0.966531
1421.039453,0.023260,0.024086,0.965738
1421.040625,0.023075,0.023963,0.962928
1421.041797,0.022907,0.023817,0.961801
1421.042969,0.022776,0.023676,0.961979
1421.044141,0.022450,0.023601,0.951256
1421.045312,0.022108,0.023563,0.938267
1421.046484,0.022052,0.023461,0.939924
1421.047656,0.022217,0.023364,0.950901
1421.048828,0.022203,0.023282,0.953632
1421.050000,0.022264,0.023168,0.961010
1421.051172,0.022466,0.023098,0.972642
1421.052344,0.022425,0.023077,0.971773
1421.053516,0.022640,0.023016,0.983667
1421.054688,0.022473,0.022934,0.979894
1421.055859,0.021913,0.022844,0.959239
1421.057031,0.021956,0.022753,0.964949
1421.058203,0.022303,0.022693,0.982824
1421.059375,0.022118,0.022588,0.979171
1421.060547,0.021748,0.022491,0.966952
1421.061719,0.021725,0.022456,0.967480
1421.062891,0.021787,0.022374,0.973776
1421.064062,0.022033,0.022246,0.990408
1421.065234,0.021930,0.022141,0.990500
1421.066406,0.021454,0.022078,0.971736
1421.067578,0.021256,0.021989,0.966647
1421.068750,0.021178,0.021914,0.966404
1421.069922,0.020966,0.021828,0.960524
1421.071094,0.021033,0.021756,0.966731
1421.072266,0.021086,0.021742,0.969838
1421.073437,0.021055,0.021673,0.971466
1421.074609,0.021164,0.021566,0.981402
1421.075781,0.021209,0.021473,0.987730
1421.076953,0.021122,0.021352,0.989225
1421.078125,0.020882,0.021295,0.980594
1421.079297,0.020676,0.021263,0.972402
1421.080469,0.020653,0.021174,0.975377
1421.081641,0.020337,0.021052,0.966062
1421.082813,0.020139,0.020937,0.961864
1421.083984,0.020210,0.020896,0.967193
1421.085156,0.020336,0.020882,0.973841
1421.086328,0.020428,0.020861,0.979277
1421.087500,0.020537,0.020701,0.992054
1421.088672,0.020511,0.020535,0.998834
1421.089844,0.020280,0.020471,0.990678
1421.091016,0.020218,0.020413,0.990466
1421.092187,0.019968,0.020347,0.981383
1421.093359,0.019835,0.020265,0.978750
1421.094531,0.019783,0.020198,0.979473
1421.095703,0.019311,0.020185,0.956712
1421.096875,0.019064,0.020166,0.945395
1421.098047,0.019059,0.020071,0.949556
1421.099219,0.019149,0.019992,0.957800
1421.100391,0.019546,0.019885,0.982968
1421.101562,0.019657,0.019779,0.993809
1421.102734,0.019395,0.019704,0.984302
1421.103906,0.019173,0.019650,0.975730
1421.105078,0.019052,0.019607,0.971690
1421.106250,0.018814,0.019512,0.964223
1421.107422,0.018706,0.019438,0.962336
1421.108594,0.018938,0.019404,0.975997
1421.109766,0.019051,0.019340,0.985068
1421.110937,0.018685,0.019243,0.971023
1421.112109,0.018708,0.019179,0.975435
1421.113281,0.018833,0.019139,0.984043
1421.114453,0.018789,0.019076,0.984979
1421.115625,0.018702,0.019019,0.983310
1421.116797,0.018523,0.018956,0.977180
1421.117969,0.018319,0.018885,0.970009
1421.119141,0.018105,0.018796,0.963224
1421.120312,0.018039,0.018720,0.963602
1421.121484,0.017895,0.018653,0.959397
1421.122656,0.017744,0.018611,0.953422
1421.123828,0.018052,0.018566,0.972288
1421.125000,0.018135,0.018514,0.979534
1421.126172,0.017950,0.018428,0.974085
1421.127344,0.017925,0.018367,0.975947
1421.128516,0.018000,0.018348,0.981013
1421.129688,0.017815,0.018277,0.974745
1421.130859,0.017693,0.018220,0.971038
1421.132031,0.017714,0.018171,0.974831
1421.133203,0.017615,0.018092,0.973597
1421.134375,0.017541,0.018017,0.973581
1421.135547,0.017480,0.017975,0.972515
1421.136719,0.017501,0.017975,0.973605
1421.137891,0.017569,0.017933,0.979692
1421.139062,0.017409,0.017866,0.974432
1421.140234,0.017400,0.017802,0.977366
1421.141406,0.017384,0.017750,0.979344
1421.142578,0.017177,0.017728,0.968912
1421.143750,0.017093,0.017655,0.968170
1421.144922,0.017100,0.017590,0.972154
1421.146094,0.017005,0.017540,0.969523
1421.147266,0.016948,0.017521,0.967345
1421.148438,0.016571,0.017470,0.948542
1421.149609,0.016644,0.017366,0.958386
1421.150781,0.016868,0.017304,0.974839
1421.151953,0.016475,0.017274,0.953773
1421.153125,0.016374,0.017234,0.950112
1421.154297,0.016434,0.017190,0.956056
1421.155469,0.016403,0.017143,0.956809
1421.156641,0.016393,0.017075,0.960046
1421.157812,0.016369,0.016984,0.963762
1421.158984,0.016422,0.016934,0.969759
1421.160156,0.016266,0.016938,0.960320
1421.161328,0.016332,0.016882,0.967432
1421.162500,0.016510,0.016851,0.979767
1421.163672,0.016326,0.016852,0.968805
1421.164844,0.016199,0.016823,0.962879
1421.166016,0.016272,0.016749,0.971520
1421.167187,0.016400,0.016683,0.983049
1421.168359,0.016345,0.016621,0.983388
1421.169531,0.016162,0.016585,0.974498
1421.170703,0.016063,0.016555,0.970255
1421.171875,0.015943,0.016529,0.964542
1421.173047,0.015910,0.016510,0.963619
1421.174219,0.015991,0.016482,0.970265
1421.175391,0.016023,0.016401,0.976986
1421.176563,0.015959,0.016323,0.977710
1421.177734,0.015745,0.016283,0.966934
1421.178906,0.015705,0.016265,0.965587
1421.180078,0.015731,0.016238,0.968734
1421.181250,0.015823,0.016187,0.977483
1421.182422,0.015703,0.016168,0.971219
1421.183594,0.015535,0.016159,0.961402
1421.184766,0.015736,0.016147,0.974535
1421.185937,0.015680,0.016127,0.972273
1421.187109,0.015584,0.016052,0.970857
1421.188281,0.015645,0.015990,0.978436
1421.189453,0.015565,0.015969,0.974703
1421.190625,0.015545,0.015908,0.977218
1421.191797,0.015385,0.015880,0.968827
1421.192969,0.015159,0.015844,0.956731
1421.194141,0.015249,0.015783,0.966153
1421.195312,0.015386,0.015761,0.976212
1421.196484,0.015177,0.015755,0.963296
1421.197656,0.015076,0.015742,0.957714
1421.198828,0.015187,0.015720,0.966129
